   820.1972      -1.570796       261841.0      1.3184091E-03  4.5895576E-04
  9.2512664E-12 -5.1116943E-02  6.1988831E-06 -1.4734268E-02  4.0358827E-11
   1156643.      1.0312709E-02 -4.7434241E-06  2.1316282E-14   7052.272    
  -1.570757       257717.9      0.8913658      4.6216525E-04  9.7497832E-10
 -1.3028658E-02 -5.3405762E-05  5.5019674E-03  1.3271347E-08   1122332.    
   7.407524     -1.8281453E-05  7.2475359E-13   13685.59      -1.570628    
   259782.9       7.227442      1.1444094E-03 -1.6996637E-08 -6.5394826E-02
 -2.4414062E-04 -2.4289507E-03 -1.5040860E-07   1131715.       59.78199    
 -8.7024628E-06 -1.8474111E-13   21081.79      -1.570307       262608.9    
   31.59395     -7.8678131E-04 -1.3271347E-07  8.0617271E-02  9.1552734E-05
 -4.1643782E-03 -1.5143305E-06   1147052.       259.2126      3.8529757E-05
 -5.1159077E-13   29865.64      -1.569502       267223.1       114.2236    
 -1.4214766E-03  5.5879354E-08  7.7868007E-02  1.9073486E-03  1.2769196E-03
  5.7369471E-07   1168994.       926.4307      3.7978727E-05 -2.7653435E-12
   40518.72      -1.567433       272118.4       384.5016      3.9763373E-04
 -1.7769635E-06  9.9311456E-02 -4.2724609E-04  8.8061327E-03 -5.1856041E-06
   1197801.       3074.057     -4.4060456E-05 -6.8212103E-13   53735.87    
  -1.562448       279537.2       1205.426     -1.7044392E-04 -1.1175871E-07
 -3.4803025E-02  1.4648438E-03  1.0064307E-03  7.1704388E-05   1245804.    
   9469.227      3.0624135E-05  8.5265128E-13   69523.61      -1.552349    
   290553.1       3337.651      8.0946012E-04 -6.5863132E-06  2.6349323E-02
 -8.5449219E-03 -7.2572287E-03  2.2649765E-05   1304701.       25669.20    
 -4.3179259E-07  1.1368684E-12   85583.31      -1.535194       301223.5    
   7968.804      1.5850374E-03  8.3863735E-05 -2.6633525E-02  7.8125000E-03
 -2.4479342E-04 -5.1021576E-05   1365435.       59990.53     -4.0874016E-05
  2.0327207E-10   100991.9      -1.510558       315100.3       16767.33    
 -1.0517666E-03  8.9406967E-05 -1.8484933E-02  8.6669922E-03 -3.0953544E-03
 -2.0694733E-04   1437803.       122619.6      1.0711166E-05  3.0377123E-10
   111584.9      -1.479929       325448.9       31529.99     -4.1945302E-03
 -2.6798248E-04 -6.0354084E-02 -2.6367188E-02 -1.8860651E-03  1.5258789E-04
   1483703.       224195.2     -5.2201972E-06 -6.4210326E-10   115756.4    
  -1.450984       333831.2       53746.48      1.7702581E-03  5.4264069E-04
 -1.1730195E-02 -1.7822266E-02  1.7023087E-02  1.0719299E-03   1500392.    
   370342.6      2.5052312E-05  5.6661520E-10   109952.8      -1.440983    
   337016.7       83410.60      2.1493563E-03 -1.1634827E-04 -2.7301747E-02
 -2.6611328E-02  3.8393082E-03  6.0577393E-03   1480262.       555415.5    
  7.5673242E-06 -1.9508661E-09   93397.12      -1.494243       333434.6    
   118845.8     -1.2580918E-03  5.7268143E-04  4.3169223E-02 -9.7656250E-03
  8.3064372E-03  7.1907043E-03   1404787.       763854.5     -9.0990970E-06
  3.0786396E-09   67550.88      -1.738756       320471.0       156610.6    
  1.9578205E-03  5.1498413E-05 -3.6057702E-03  2.6855469E-02 -4.8452537E-03
  6.5422058E-03   1283797.       968472.5      2.7372833E-05 -9.4314601E-10
   55034.98      -2.479030       300728.9       192866.5     -2.5387469E-03
 -1.3952255E-03 -1.3048896E-02  4.3945312E-03  3.1832992E-03  1.2931824E-03
   1128749.       1145285.     -4.2995893E-05  3.2105163E-09   88993.63    
  -3.141488       278136.4       224914.8      1.4559595E-03 -3.1213760E-03
  8.2915658E-03  2.6123047E-02 -5.8731926E-03 -7.0190430E-04   962074.1    
   1281612.      1.1322838E-05  4.5426532E-08   148376.2       2.929043    
   254120.7       251418.8      1.3709676E-03  7.6103210E-04 -1.5615089E-02
  2.8320312E-02  4.0896661E-03  1.7669678E-02   797662.8       1368986.    
  5.4016796E-06 -2.2417225E-08   215212.0       2.873868       231203.7    
   271442.2     -3.7323657E-04  5.2165985E-04  0.4131070      0.2343750    
 -5.4887729E-04  4.6768188E-03   650435.3       1412137.      3.0084630E-05
 -8.0333848E-08   280057.2       2.870235       208875.1       285404.6    
  7.6987507E-04  3.9434433E-03 -2.6633516E-02 -0.2187500     -3.5788787E-03
  4.3220520E-03   523498.7       1407568.     -1.1427702E-05  1.8413630E-08
   338709.1       2.892538       190721.6       294647.7     -8.5027394E-04
  1.6651154E-03 -2.5310479E-03  7.8979492E-02  9.4914297E-04  7.3814392E-03
   417098.2       1380784.     -3.2030388E-05 -8.0983767E-08   385093.0    
   2.924876       175534.4       299242.2      2.9198918E-04  2.1696091E-03
  4.9430940E-02 -6.5246582E-02 -7.3845005E-03  2.3586273E-02   332166.1    
   1332437.      2.7872415E-05  4.2389729E-08   414316.8       2.964782    
   162938.6       300325.2      8.4537873E-04  3.8146973E-06  7.6695636E-02
 -1.1657715E-02 -6.2234267E-03 -1.0108948E-02   264651.8       1266127.    
 -1.3182352E-05 -2.3515895E-08   423288.6       3.013136       153693.5    
   298691.6     -1.4713835E-03  1.1253357E-04  1.7897531E-02 -2.5909424E-02
 -7.9162157E-04 -1.5182495E-03   210452.6       1189816.      5.4783704E-05
  3.4724508E-09   409364.8       3.072072       147683.6       294468.1    
 -1.1052312E-03 -1.0709763E-03  4.1569890E-03 -1.8081665E-03 -6.9942991E-03
 -1.1314392E-02   168371.0       1110934.     -1.1076052E-05 -3.3713150E-08
   372425.0      -3.132254       144319.0       287965.2     -1.3384437E-03
 -3.5543442E-03 -2.1272544E-02  1.5533447E-02 -1.3305240E-03 -9.6130371E-04
   133099.6       1022548.      2.9531477E-05  2.4937435E-08   316135.2    
  -3.015668       145083.1       279852.5      7.9975359E-04  1.0232925E-03
 -3.1093277E-02 -4.7653198E-02  6.0628941E-03  7.2479248E-05   95022.00    
   936684.9      2.0970057E-05  2.8408067E-08   247741.8      -2.818532    
   151777.8       269488.8      4.8417313E-04 -1.0147095E-03  3.8330372E-02
  0.2518959     -1.4378475E-03 -1.3084412E-03   46181.33       848632.8    
 -1.4810534E-05 -6.1481842E-10   187116.2      -2.434591       167570.5    
   253083.3      1.5140867E-03 -2.5539398E-03  -5.280908       3.757378    
  6.2261510E-04 -2.4070740E-03  -42197.13       756021.8     -1.7964627E-05
  5.1295501E-08   190605.6      -1.813007       212601.3       212839.5    
 -1.1341609E-03 -1.8348694E-03  0.2668079      0.3217468     -5.4658353E-03
  5.6610107E-03  -330225.2       622791.6     -3.3035649E-05  1.5742808E-07
   969264.8      0.8883478      -530534.8       2139684.      7.0811352E-03
  2.4414062E-02  -30.94900       267.1406      2.1983225E-02  3.5156250E-02
   8607940.      -5583456.     -3.1911393E-05 -2.9758667E-09   188379.9    
 -0.4501240       168994.2       360196.1      1.2147358E-03  2.3956299E-03
  0.4721870      0.3409119      2.2824246E-03  9.9182129E-04   839668.6    
   768529.1      1.0330582E-05 -7.6062861E-08   286739.8     -0.3377407    
   397779.1       391798.9      2.9485188E-03  4.8828125E-04 -0.3054566    
  3.0441284E-02  3.3821247E-03  2.6702881E-03   680719.2       805641.1    
  5.0622716E-06  3.3498509E-08   339635.6      -2.006835      -1438402.    
  -187739.9      1.3360452E-02 -1.5563965E-03  0.7757713     -0.1082916    
  6.9205216E-03 -1.2207031E-03  -261449.8      -392629.5     -1.6146118E-05
 -7.0867827E-08   226555.3     -0.8344623      -196815.4       139183.5    
  3.0323195E-03 -2.0256042E-03 -0.1321158      0.4097137      1.6094618E-03
  6.2255859E-03   292248.9       280272.9      1.6491748E-06  1.9085746E-08
   204343.4     -0.7595240      -83806.84       162157.0      6.2319322E-04
  4.1198730E-04  8.8833362E-02  3.0883789E-02  1.6089716E-03 -3.4637451E-03
   327761.9       305102.2      1.4168560E-05 -2.1947017E-08   156839.9    
 -0.8356956      -40978.24       161756.3      3.8628976E-04 -5.4168701E-04
  9.1662910E-03  7.6484680E-03 -4.6933172E-03  2.8915405E-03   337970.4    
   288045.6      1.0448653E-05 -3.4124241E-08   102304.6      -1.103433    
  -17871.23       153588.9     -1.8157778E-04 -4.0054321E-05  9.5197679E-03
  5.7754517E-03  2.8087604E-03  2.2659302E-03   340812.8       273856.1    
  2.4717328E-06 -8.7984517E-09   67117.09      -1.728884      -3026.719    
   136190.5      2.0878620E-05  2.5482178E-03  9.8547088E-03 -1.9348145E-02
  1.6702896E-03  9.0408325E-04   330609.9       265301.8     -1.8644241E-05
  2.1884534E-07   41310.26      -2.352690       11666.62       77127.88    
 -5.5948894E-05 -1.2817383E-03  2.8971354E-02  9.7061157E-02 -4.2724609E-03
 -1.2207031E-04   260944.5       227377.6      2.1875894E-05 -1.1254087E-08
  9.1807387E-06 -0.1466026      1.4901161E-03 -7.3114848E-12   261841.1    
  1.3110955E-03  6.0033798E-02 -1.8846989E-04  -1156643.     -1.0371706E-02
  2.8610229E-03  8.9642072E-11 -1.7285433E-02  3.7487470E-07  5.4869941E-04
 -0.4288571      4.6766721E-04 -3.5797711E-09   257717.8      0.8912557    
  7.0425181E-04 -1.4350414E-03  -1122332.      -7.408616     -5.7660616E-03
 -3.0850060E-08 -5.5274754E-03 -4.1541790E-07  1.0586150E-03  -2.541347    
  2.0377494E-03 -3.0675437E-08   259782.9       7.227420      0.1477923    
 -1.9278526E-03  -1131715.      -59.78233      5.0213882E-03 -5.1362440E-07
  1.0513668E-04 -5.8477249E-06  1.4462424E-03  2.5555121E-02  1.5099844E-03
 -8.1025064E-08   262608.8       31.59418     -7.1620941E-02 -8.9836121E-04
  -1147052.      -259.2099      1.0458629E-02 -8.1397593E-07  2.7659230E-03
  2.0899308E-06  8.2548531E-03  7.4237742E-02  1.9274258E-04  1.2582168E-06
   267223.0       114.2240     -7.4181803E-02  1.4793396E-02  -1168992.    
  -926.4302      7.2278467E-04 -7.4505806E-06  1.4862076E-02  1.1227886E-05
  8.6264620E-03   2.974820     -3.2004667E-04  4.0754676E-06   272118.3    
   384.5016     -5.5164408E-02 -5.6571960E-03  -1197800.      -3074.043    
  2.0560573E-03 -1.1861324E-05  7.1625196E-04 -2.2734741E-06  5.1706824E-03
   2.050859     -8.1975409E-04 -8.9183450E-06   279537.0       1205.424    
 -0.1224599     -1.0837555E-02  -1245804.      -9469.228     -4.5451713E-03
  3.5583973E-05 -5.9643588E-03 -3.4075347E-05  3.3864938E-02  0.3860914    
  1.8840883E-04  1.6480684E-05   290553.1       3337.650      8.7114654E-02
  1.9958496E-02  -1304701.      -25669.19     -1.4151596E-02  3.1971931E-04
 -9.1627417E-03 -1.4668962E-04  5.7817042E-02  0.2191162      3.2435131E-04
  2.9742718E-05   301223.3       7968.794     -8.5922498E-03  2.4551392E-02
  -1365435.      -59990.56     -1.0770911E-03  1.1539459E-04  6.2817992E-03
  1.9012495E-04  1.8648079E-02  -2.150062      4.4686455E-04 -1.5354156E-04
   315100.4       16767.31     -5.8659147E-02 -2.6473999E-02  -1437804.    
  -122619.7     -1.4561244E-02  1.4209747E-04  1.0784592E-02  6.5982173E-04
  5.7976712E-02   2.157339      2.5049303E-04 -3.3259392E-04   325448.9    
   31530.00      7.1081080E-02 -3.1547546E-02  -1483703.      -224195.3    
  3.4970790E-03  6.2656403E-04 -5.1545529E-03 -2.4102222E-04  5.9762396E-02
   1.058744      4.5239925E-03 -9.0122223E-05   333830.9       53746.43    
  6.8664555E-03 -4.5776367E-02  -1500392.      -370342.8     -3.9339068E-04
  2.1934509E-03 -2.0498997E-02 -5.4030074E-03  3.8663488E-02  -1.430629    
 -4.2658980E-04 -3.0517578E-05   337016.7       83410.55     -2.2642075E-03
 -5.8135986E-03  -1480263.      -555415.7      3.5111622E-03 -4.0016174E-03
 -5.4023210E-03 -1.9184048E-03  1.4043268E-02   1.160626     -5.5249934E-03
  1.1529922E-03   333434.6       118845.9      5.6083607E-03  5.0445557E-02
  -1404787.      -763854.7     -2.0917670E-03 -2.7198792E-03 -2.7184509E-02
 -1.4192854E-02  7.2648175E-02   1.576257     -6.4086932E-04  2.8991699E-04
   320471.1       156610.5     -3.4282986E-02 -2.0660400E-02  -1283797.    
  -968472.5     -7.6622618E-03  2.5672913E-03 -7.9956725E-03 -3.6102026E-03
  0.1031036       1.486488      2.2098937E-03 -1.7738342E-03   300729.0    
   192866.5      2.4729762E-02  3.8894653E-02  -1128749.      -1145285.    
  2.4203598E-03  3.9253235E-03 -1.5564364E-02 -1.6486093E-02  5.2893244E-02
   1.671068      1.0302764E-03 -8.0013275E-04   278136.3       224914.7    
  0.1143545      0.1620789      -962073.9      -1281611.     -4.4665877E-03
 -1.4774323E-02 -1.2326898E-02 -1.3922433E-02  7.7541829E-03  -2.819220    
  4.4730725E-04  2.7885437E-03   254120.7       251418.8     -9.9546194E-02
  3.6926270E-02  -797662.4      -1368987.      2.4863312E-03 -9.1476440E-03
  1.2269324E-02  2.5314748E-02  2.1486195E-02 -0.2001811      9.9895673E-04
 -8.2778931E-04   231203.7       271442.4      0.4264557     -2.8320312E-02
  -650434.8      -1412137.     -8.5185757E-03 -5.3787231E-04 -6.4206095E-03
 -1.8749340E-02  3.8499411E-02  -1.801932     -1.9038803E-03  2.3269653E-04
   208875.1       285404.5      0.2059936     -1.4358521E-02  -523498.7    
  -1407570.     -5.0770137E-03  2.1194458E-02 -7.8084255E-03 -3.6211416E-02
  9.1648355E-02   1.598271      1.9773812E-05 -7.3242188E-04   190721.6    
   294647.6     -9.1157272E-02  1.8257141E-02  -417098.4      -1380784.    
 -2.6892384E-03 -4.3678284E-03 -5.1070988E-04  1.0000259E-02  6.5816149E-02
  -1.545987     -1.1773757E-03  3.7755966E-03   175534.5       299242.0    
  6.8099409E-02  2.5108337E-02  -332166.3      -1332437.      6.4049236E-04
  1.2531281E-02 -8.1127621E-03  1.5764557E-02  2.5985664E-02   1.219517    
 -6.2953739E-05 -9.3269348E-04   162938.6       300325.1      2.8446095E-02
  3.3163071E-02  -264651.5      -1266127.     -5.4679816E-03 -6.2789917E-03
 -5.6483917E-04 -1.3437939E-03  4.6662427E-02  -1.474837      3.4418330E-04
  2.4032593E-03   153693.5       298691.4      4.2265706E-02  5.1651001E-03
  -210452.7      -1189816.      3.1320679E-03 -2.9563904E-03  3.2009105E-03
 -1.7683441E-02  4.4017609E-02 -0.4913235      4.2064770E-04 -9.6702576E-04
   147683.7       294468.1      8.0756105E-02 -7.4577332E-03  -168371.2    
  -1110933.      2.3754223E-03  6.3743591E-03 -2.2715000E-03 -1.0186261E-02
  3.5329770E-02   1.817975     -1.9799464E-04  1.3275146E-03   144319.1    
   287965.2      3.1720720E-02  1.1816978E-02  -133100.0      -1022548.    
 -4.0232511E-03  5.4168701E-03 -2.2922235E-03 -1.2544876E-02  2.5368297E-02
  -2.737293     -3.0466805E-05 -2.7780533E-03   145083.2       279852.6    
  8.1843836E-03  5.2334785E-02  -95022.40      -936684.9     -7.0378315E-03
 -1.3885498E-03  5.8737360E-03 -8.5786227E-03  8.0656679E-03   3.105640    
  2.1420992E-03  1.4972687E-03   151777.8       269488.8     -4.1524265E-02
  9.7813606E-03  -46181.87      -848634.2      1.5552228E-03  3.6849976E-03
 -2.5489848E-02 -2.1763066E-02  5.5629653E-03  -1.451885     -1.0471254E-03
  3.2043457E-04   167568.8       253082.8      4.5652543E-03  7.2999001E-03
   42222.80      -756027.9      6.0563469E-03  4.2800903E-03  5.2107610E-02
 -0.1758959      1.9016342E-02   2.009950     -3.0062094E-04  3.0136108E-03
   212601.5       212838.6      6.1627296E-03 -4.2291641E-02   330224.2    
  -622786.9     -1.9130424E-03  2.4414063E-04  6.4605154E-04 -5.2014071E-02
  0.1689288      0.3304341      7.1339792E-04  1.4770508E-02  -530532.6    
   2139637.      4.1429926E-02 -0.1464844      -8607844.       5583160.    
 -1.8601190E-02 -3.9062500E-03 -7.8946754E-02 -0.1941492      2.3016386E-02
  -2.869417     -1.4576830E-03  1.2130737E-03   168994.3       360197.0    
  1.2831447E-02 -9.0789795E-03  -839668.8      -768525.3     -2.9601194E-03
  2.0599365E-03 -4.5898771E-03  1.3980679E-02  9.9293943E-03  -1.737145    
  8.9198892E-04 -1.4266968E-03   397779.2       391799.2     -9.3225231E-03
 -3.9567947E-02  -680720.2      -805639.4      2.4792955E-03 -3.0364990E-03
 -3.9405306E-03  1.2867260E-02  1.1631361E-02  -1.913291     -2.9796690E-03
  1.0070801E-03  -1438407.      -187743.9     -8.0499128E-03 -1.7501831E-02
   261454.1       392634.6      2.1146038E-03 -4.9438477E-03  2.1060931E-02
  0.2725303      2.1221355E-02 -5.0353371E-02 -1.0963001E-03 -5.0735474E-04
  -196815.3       139182.4     -1.8957827E-02  4.0740967E-03  -292251.3    
  -280269.6      4.6417811E-03  7.4157715E-03  0.1678647     -2.8859410E-02
  1.9274794E-02 -0.2622597     -9.2345901E-04  7.6293945E-06  -83806.80    
   162157.0     -7.6086228E-03 -2.3074150E-03  -327762.3      -305101.8    
  2.6060806E-03 -1.2359619E-03  3.9312919E-03  1.2735244E-03  8.8071767E-03
 -6.4147979E-02  6.7755632E-04 -2.7084351E-04  -40978.24       161756.4    
  8.9569641E-03 -1.6091228E-02  -337970.7      -288045.4      1.2339237E-03
 -2.4871826E-03 -3.4164889E-03 -2.1033788E-03  1.3892747E-02   1.555968    
 -2.4657056E-04 -9.3460083E-04  -17871.24       153589.0     -7.3542353E-03
 -1.2854099E-02  -340812.5      -273856.0      2.1440918E-04  1.8444061E-03
 -4.0924089E-04 -1.4496485E-02  5.4238108E-03   1.984058     -3.0273999E-04
  1.4495850E-04  -3026.704       136190.5     -9.2387889E-03  2.7561188E-04
  -330609.8      -265301.3      1.0648096E-03 -2.7656555E-03 -9.9365367E-04
 -1.0692815E-02  1.2542808E-02   1.567147     -6.6121422E-05  1.6250610E-03
   11666.64       77127.71      2.2328695E-02  1.0646820E-02  -260944.5    
  -227377.8     -3.3365886E-03 -3.2043457E-04 -3.8864740E-04  1.2553368E-04
   228.5207      -3.052850     -0.1359463     -1.6256522E-04 -4.5257807E-02
 -2.4635938E-10   2292812.       2022.799     -0.3647804     -1.7876118E-09
  0.4394531     -1.3644440E-03  3.6379788E-10 -1.0658141E-14   15087.56    
  -3.036092      6.6815890E-02  6.8564434E-04 -1.8841486E-02 -6.6705979E-08
   2013873.       18312.07      0.9884174     -1.9669533E-06   1.053561    
  7.6534823E-03 -2.6235425E-10 -8.8817842E-14   52122.91      -3.022345    
  4.5262560E-02  5.3933635E-04  1.8392295E-04  1.1452939E-06   1957784.    
   37923.09      0.4551480     -5.0850213E-07 -0.5216638     -5.7421029E-03
  6.1530114E-10 -3.3821834E-12   111842.6      -3.001065      0.1377106    
  8.0637336E-03  1.0526180E-02  2.9802322E-07   1943289.       65204.07    
 -0.1717885     -8.7462366E-05   2.037557      7.7641606E-02 -8.6970431E-10
 -7.9580786E-13   195340.7      -2.967591     -0.2121614     -1.4535874E-02
  5.1682118E-02  4.3313950E-05   1944232.       106692.8      6.1484884E-02
  2.5048852E-04  0.6368215      3.3620596E-02  1.0138471E-09  8.5265128E-14
   301645.7      -2.917761     -0.1817477     -1.7984748E-02  2.1966840E-03
  1.3975799E-04   1934885.       170095.1     -3.8948711E-02  1.0051727E-03
   1.546776      0.2063923     -2.5261604E-10  9.9475983E-13   424675.9    
  -2.852987      0.3971181      0.1084585     -1.8842170E-02  1.3795495E-04
   1889682.       257096.0     -0.4343885      1.0600090E-03  -2.002992    
 -0.2832565      2.5252991E-10 -1.0629719E-11   554004.2      -2.784110    
 -0.5866632     -0.1745434      3.0005848E-04 -4.5454502E-04   1802301.    
   354897.8     -0.4890256      3.2253265E-03  -1.877501     -0.2758408    
 -1.8567001E-09 -1.6370905E-11   681336.4      -2.720821     -0.2262871    
 -0.1122303     -2.8836666E-02 -1.3530254E-03   1691274.       447852.1    
 -0.7010884     -3.5877228E-03 -0.3337024     -0.1680145     -3.2829356E-10
  1.8189894E-11   801817.2      -2.665866     -0.1922172     -0.1232414    
  3.5236903E-02  1.9946098E-03   1576827.       528301.1      0.6108747    
 -2.6855469E-03 -0.1674107     -0.1255188     -1.2304164E-09  5.3205440E-11
   911609.2      -2.619254      4.4911925E-02  5.4565430E-02  3.9499313E-02
  3.3216476E-03   1470078.       593647.2      0.7046025      8.3618164E-03
 -0.5318704     -0.4828491     -7.9863793E-10 -2.4556357E-11   1006390.    
  -2.578870     -8.1503391E-02 -0.1251373     -3.3290684E-02  8.1157684E-03
   1374646.       644581.8      0.2243042      2.6481628E-02  0.4428864    
  0.1268311     -3.1953109E-09  1.6552804E-09   1082573.      -2.544457    
 -9.8443801E-05  7.4737549E-02 -1.8749442E-02  1.6651154E-03   1294806.    
   681128.8     -0.1719485     -7.1472168E-02  0.2709173     -0.1058350    
  5.9655031E-10 -5.2750693E-11   1137135.      -2.514003     -3.1073350E-02
  5.6152344E-02 -1.0671044E-02  1.5251160E-02   1232510.       706499.6    
  0.2579240     -0.1703644      0.5306419      0.8151855     -3.6500238E-09
 -2.5065674E-09   1168279.      -2.485414      7.0904091E-02  8.5021973E-02
 -2.1000795E-02  4.6096802E-02   1189837.       725404.7     -0.4769758    
 -0.2453003      1.4423081E-02 -0.3120117     -1.9645091E-10 -9.0949470E-12
   1175548.      -2.456003     -1.3075205E-02 -1.9256592E-02 -2.4838284E-02
  2.4681091E-02   1174270.       745396.7     -0.2208841     -0.1270752    
  0.1969962     -0.2526855     -6.9152961E-10 -2.8940121E-09   1161554.    
  -2.417564      7.4624091E-02  1.7150879E-02  1.8819511E-02 -6.0272217E-03
   1201928.       786904.8      0.2059072     -0.2596436     -0.4106299    
 -0.2421875      9.8916708E-10 -4.6338755E-10   1137974.      -2.338712    
  6.0252868E-02  0.1713257      2.5958342E-02  1.9733429E-02   1333348.    
   926448.2     -0.1574522      7.9162598E-02 -0.1100492      0.3535156    
  1.2991466E-09 -8.1458893E-09   1257922.      -1.883490      0.3214445    
  0.4384766     -1.6316751E-02  6.7176819E-03   2144718.       2360587.    
  0.2048849      6.7077637E-02  0.7447168      0.4584961     -2.9574937E-10
 -3.8082817E-09   777126.2      -2.966986     -1.5444318E-02 -0.1720581    
  3.5203576E-02 -1.4114380E-02  -9896.027       30428.28     -0.1393266    
 -0.3052368     -0.5060368       1.133301     -1.2092142E-09  5.8025762E-09
   723557.6      -2.719845     -0.1124784      0.3760986     -4.2217090E-03
  4.1759491E-02   539513.1       205085.4      0.6113272      9.6862793E-02
  0.3467536      0.1655273     -3.0361020E-09  3.7994141E-10   609085.9    
  -2.683543     -6.1685067E-02 -5.8563232E-02  3.3881194E-03 -3.6064148E-02
   670979.6       242755.8      0.2444420     -7.1884155E-02  0.4123264    
 -0.3991699     -1.2254187E-09 -1.4781108E-08   476514.4      -2.696417    
  0.1306605      0.1629639      2.0937738E-04  8.4342957E-03   732374.6    
   240602.5      0.3722544      0.1529541      4.4895008E-02 -0.8731689    
 -8.7483010E-10  7.9216989E-09   339728.3      -2.746324     -2.7949834E-02
 -2.3162842E-02  7.8516809E-05 -1.8405914E-02   769087.2       223382.0    
 -9.8849438E-02 -4.5318604E-02  0.4075130      0.9854736      4.2055590E-09
  3.5652192E-09   208487.2      -2.861795     -3.1973347E-02  1.2451172E-02
 -7.2943198E-04  2.2113800E-02   794859.4       200656.0     -0.3845545    
  7.6400757E-02  0.2702703      7.9345703E-03  1.4551915E-09 -1.6552804E-10
   95488.54       3.068305     -9.5433416E-03 -3.4423828E-02 -8.8850094E-04
  3.2176971E-02   815569.0       176173.3      0.5351241     -3.4957886E-02
  0.2524194      6.7382812E-02 -1.2858805E-09 -2.7375791E-10   57184.23    
   1.608780      1.9833889E-02  1.4556885E-02  1.3986167E-03  3.6470413E-02
   831345.3       149669.6     -0.1250358      0.1137161      0.2593334    
  0.3988037      7.7701650E-09 -2.5647751E-10   116186.6      0.8780921    
  1.2361087E-02  1.6571045E-02 -5.9898086E-03  2.3042679E-02   840492.4    
   125728.6      0.3775963      2.2178650E-02  0.3699670      0.2077637    
  4.1976680E-10  2.2515678E-09   163450.4      0.6508597     -0.3980562    
  0.1241760     -1.3743520E-03 -4.3544769E-03   838095.1       99068.75    
  6.1582293E-02 -5.4519653E-02  -5.549652       2.343933      1.2145338E-10
  1.3969839E-09   179730.9      0.4177296     -6.0383815E-02 -1.1642456E-02
 -1.7430891E-03 -7.0571899E-05   794577.7       59554.55     -0.5143351    
  8.4190369E-03  0.8719101      0.8395386     -1.7266827E-10  1.0913936E-10
   2538802.      -2.598140       2.637300      -7.187134      1.2851072E-02
 -6.2332153E-03  -3416956.      1.0980892E+07 -0.2649613      5.6518555E-02
  -51.67242      -35.98267      1.4567665E-09  2.5174813E-08   219949.4    
  0.6670795     -4.7310762E-02  9.3399048E-02  3.1199530E-03  2.1235466E-02
   1051148.       138814.1      0.3528104     -4.6033859E-03   1.570410    
 -0.1801453      1.2194341E-09  1.6589183E-09   171606.6      0.4740232    
 -5.0050490E-02 -4.3342590E-02  3.8652853E-03  8.2793236E-03   1011159.    
   82792.54      4.4797666E-02  3.1694889E-02 -0.1466826      2.8842926E-02
 -5.9166394E-10 -2.3528628E-09   124186.5      0.3041179     -0.2852793    
 -0.3873291      5.1327202E-02 -5.5770874E-03   1005117.       81010.41    
  0.4708838      4.3212891E-02 -0.1584031     -0.7303467     -2.3088276E-09
 -2.8958311E-09   78955.32      5.5356856E-02 -1.1102954E-02 -9.6939087E-02
 -1.3487990E-02 -2.5619507E-02   995005.4       65122.66     -0.1092568    
 -1.8356323E-02 -0.1985469      -1.529785     -2.4302622E-09  3.3396645E-09
   45142.06     -0.4516483     -1.3710251E-02 -1.1825562E-02  7.7219303E-03
  6.3362122E-03   998663.3       20097.85      -1.316275     -1.4507294E-02
  0.2436572     -0.1553345      3.1066903E-11 -1.8262654E-09   33263.56    
  -1.329258     -3.3117633E-02  6.3018799E-03  8.0370298E-03  5.7334900E-03
   1014266.       20231.83      0.5880528     -1.1844635E-02 -0.2044788    
 -7.7087402E-02  9.8763897E-10  4.1291059E-09   36027.75      -2.013432    
 -3.0874923E-02  1.9409180E-02 -1.2510776E-02 -2.5424957E-03   1011763.    
   46306.75      3.3705123E-02  1.2121201E-02 -0.3197270      6.4430237E-02
 -9.3803609E-10  1.6461854E-09   29930.26      -2.451932      1.9041302E-02
 -7.4539185E-02  2.0813374E-03  6.5040588E-04   1006422.       19305.15    
 -0.7093720     -8.0642700E-03 -0.1697014      3.8452148E-03  3.7333882E-12
 -1.6916601E-10   91640.78      -3.048501     -1.7252604E-02  6.0531616E-02
 -3.1191509E-03  1.9502640E-03   1046269.      -82095.38      0.3470866    
 -2.6321411E-03 -0.1705729      0.2200928      2.1949138E-10 -2.6739144E-10
  1.9707825E-04 -9.6629150E-02  1.7881393E-04  2.0311575E-10  -1189604.    
 -1.1055995E-02  -1.589298     -2.8259754E-03  2.1420002E+07  8.8331647E-02
  0.2506256     -2.0185098E-09  5.2981883E-02 -1.5881221E-07  2.1219454E-03
  0.9168682      1.2027300E-02  4.3495675E-08  -1158835.      -7.627232    
   1.306739      2.5599003E-02  2.1427300E+07   63.42313      0.2577562    
  1.1852244E-06  1.4257587E-02  3.4136334E-05  2.3245936E-02   2.975082    
  1.1315640E-02  4.0279701E-07  -1165826.      -61.49330      -1.262447    
 -3.8150787E-02  2.1510492E+07   508.5107      1.6535548E-02 -1.6465783E-06
 -3.9387271E-02  1.0310923E-04  5.9418888E-03   2.930331     -6.0081482E-03
  3.1432137E-07  -1181160.      -266.5464       1.406733     -0.1799755    
  2.1596772E+07   2186.672     -3.1026205E-02  1.1928380E-05 -5.1476587E-02
 -3.2101365E-05  6.9315232E-02 -1.6827451E-02 -1.1564555E-02 -8.3632767E-07
  -1205357.      -952.0826       3.723257      0.1954536      2.1730702E+07
   7722.819      6.9483705E-02  8.7037683E-05 -0.1346621      1.7247856E-05
  6.2550321E-02 -0.6829053     -1.5973238E-02 -1.5348196E-05  -1237289.    
  -3159.931     -0.9516054      0.1071129      2.1941794E+07   25264.00    
 -0.1900883      2.1132827E-04 -3.9487798E-02  1.3276351E-04  0.2748195    
  -2.924031      1.2596617E-02 -1.2546778E-05  -1282906.      -9734.789    
   1.770604      0.2897110      2.2267678E+07   76449.17     -2.6037337E-02
 -4.9340725E-04  2.6032148E-02 -7.6325622E-04  0.8462681     -0.1792915    
  6.8385424E-03 -8.5532665E-06  -1343561.      -26374.87      -2.455065    
  0.2767334      2.2609482E+07   202942.2      0.1695400      7.8296661E-04
  3.6263201E-02  2.3819946E-04  0.7629488       2.789545      1.1615449E-02
  6.1738491E-04  -1407796.      -61599.90     -2.2765789E-02 -0.2680664    
  2.3002256E+07   463579.3     -0.2031785      1.5258789E-05 -9.1697760E-02
 -2.9234448E-03  0.4419463      -1.397436     -1.7874582E-03  2.5677681E-04
  -1478142.      -126017.9     -0.6384277       1.038467      2.3361860E+07
   923270.1      0.1453509      5.7220459E-04 -0.1101269     -5.5769593E-03
  0.2234584     -0.6051430     -8.0550695E-03  6.2227249E-05  -1526172.    
  -230386.4      0.6455843       1.239578      2.3593336E+07   1638610.    
  0.2607485      2.2397995E-02  1.7133368E-02 -1.0402397E-04  0.5518422    
   2.040707      1.4331938E-02  1.7271042E-03  -1543291.      -380534.2    
  -1.604819     -0.9353638      2.3554338E+07   2619703.      4.4631962E-02
  2.3197174E-02  0.1454845      5.0864127E-02  0.5596529       2.656032    
  1.4586090E-02 -8.1434250E-03  -1522734.      -570684.3      0.3812400    
  8.5723877E-02  2.3200550E+07   3800208.     -0.2986129     -1.2336731E-02
  1.1158030E-02  7.7574966E-03  0.8393653      -2.772596     -6.7603486E-03
  9.4785690E-03  -1445728.      -783711.1     -0.5759938     -0.2491455    
  2.2526962E+07   5032416.      4.8868529E-02 -1.6021729E-04  0.1899869    
  0.1291410       1.054341      -3.113484     -4.8452537E-03  2.9754639E-04
  -1323028.      -993681.0       1.827562      0.4468384      2.1567312E+07
   6145318.     -0.2106559      4.1183472E-02 -5.8635166E-03  8.5927239E-03
  0.5427577      -1.906381     -7.6820115E-03  5.3997040E-03  -1164376.    
  -1175440.       1.486627     -3.5522461E-02  2.0489666E+07   6979003.    
  7.5083770E-02 -9.8098755E-02  7.1831040E-02  0.1359068      0.2513546    
  5.0225168E-02  2.5294211E-03  1.0986328E-03  -994522.9      -1314569.    
  -1.524069      0.4031372      1.9400424E+07   7479268.     -6.5296084E-02
 -4.9667358E-02  3.7554953E-02  0.1003905      0.3045643      0.1343724    
 -2.0332148E-03  5.6934357E-03  -827839.8      -1402590.     -0.9349535    
 -0.4027710      1.8435910E+07   7634193.     -7.6774187E-02 -4.2587280E-02
 -0.1050265     -0.2345280      0.9006662       1.608551      3.3152190E-03
  5.2471161E-03  -677781.1      -1445556.      -1.881815      -2.058350    
  1.7616980E+07   7509909.      2.8892901E-02  5.9585571E-03  1.8183358E-02
  0.1560463      0.6451010      0.1057857      1.9350913E-03 -5.5580139E-03
  -547670.5      -1447586.      8.0233470E-02  8.9904785E-02  1.6992270E+07
   7131630.     -0.1493974      4.9285889E-03  1.1244653E-02  0.2854382    
  0.1949027       2.244804     -3.0253932E-03 -6.8187714E-03  -440181.5    
  -1417719.     -0.7151793      0.1189728      1.6544066E+07   6639712.    
 -5.0581411E-02  2.1514893E-02 -3.3689745E-02 -0.1196018       1.040076    
 -0.2786100     -1.6765830E-03 -6.3591003E-03  -355495.5      -1366235.    
  0.6312618      0.3354034      1.6227935E+07   6063942.      5.0184462E-02
 -1.5357971E-02  6.2872119E-02 -0.3688369      0.6819211       2.717643    
 -6.6551095E-04 -1.1659622E-02  -290612.2      -1294423.     -0.2124958    
 -0.1189766      1.6046770E+07   5459124.      6.7342512E-02 -4.4357300E-02
 -1.8415602E-02 -0.1206858      0.4754848      0.2797455     -1.1358048E-03
 -3.4580231E-03  -240358.3      -1214054.     -0.6855099      0.1146469    
  1.5953379E+07   4839108.      1.4386862E-02  8.1405640E-03 -0.1176150    
  0.3080480      0.3880896      -1.601312      2.5733742E-03 -4.9533844E-03
  -203886.5      -1128841.       1.211964     -0.3744869      1.5917225E+07
   4247290.     -0.1842272     -4.1732788E-02 -2.6257232E-02  0.2107258    
  0.1147085      -2.721207     -1.1246095E-03  6.1836243E-03  -180389.2    
  -1037792.       1.131662     -0.2064266      1.5934221E+07   3695731.    
  2.1161666E-02 -8.1787109E-03 -4.7210064E-02  0.1709389      0.2141808    
   3.023627      4.5700206E-05 -1.3160706E-03  -162677.1      -945064.0    
 -0.7863180      8.3475113E-02  1.5975089E+07   3170896.      0.1009670    
 -1.4656067E-02  0.1356637     -9.0268869E-03  7.4170195E-02  -2.568426    
  9.9769013E-04 -4.9839020E-03  -149993.9      -850216.8     -8.0926605E-02
  0.1509981      1.6013935E+07   2681081.     -5.7396524E-02  2.6016235E-03
 -9.8742597E-02  8.0539696E-02  0.1566307     -0.2341866      1.4150343E-03
  3.8166046E-03  -143343.0      -757041.1      0.1107813     -3.1150818E-02
  1.6036770E+07   2241832.      7.5053424E-02 -2.3300171E-02  9.8524086E-02
 -0.2940878      9.3417346E-02  0.5895768     -1.2298130E-03  1.2710571E-02
  -149662.3      -656150.9     -8.8854097E-02 -9.3460083E-04  1.5909294E+07
   1757120.     -5.0613634E-02  1.5258789E-03  1.1953952E-02  5.3714816E-02
   1.529741       1.067883      6.4998479E-03 -3.1738281E-03   449638.2    
  -2434786.       1.178851      -11.22754      2.3383044E+07  -6295566.    
  0.1555736     -6.6406250E-02  0.1382419      0.7510880      0.1817773    
   2.143517     -7.1605481E-04  6.7138672E-04   89806.85      -613168.4    
  0.6229805      0.3962860      1.7188668E+07   1287489.      0.3223525    
  5.1879883E-03 -5.8790292E-03  0.1616181      8.5873954E-02   1.693531    
  9.9109879E-05 -7.3852539E-03   370711.2      -409989.5      -1.214294    
  1.3017654E-02  1.6786856E+07   1026150.     -0.1046476     -5.3100586E-03
  1.0450410E-03 -1.1773203E-02  7.8722537E-02  -1.684236      1.9223671E-04
 -3.4790039E-03  -2612747.      -672056.9      -1.886948     -9.0885162E-03
  1.8202234E+07   2074958.      6.0554564E-02 -1.3061523E-02 -1.6872533E-02
  0.4378844      5.8475535E-02 -1.1481750E-02 -9.0969581E-04  3.5095215E-04
  -657483.0      -465125.4      0.6767904     -6.7569733E-02  1.7417970E+07
   861578.7     -1.1709418E-02 -7.9345703E-04 -7.1332678E-02  0.2619086    
  7.4103951E-02  -3.049730     -5.3254695E-04 -1.6822815E-03  -493674.5    
  -409628.4     -0.1306893     -1.3436317E-02  1.7380976E+07   998530.2    
 -3.7119653E-02  4.6844482E-03 -1.5272319E-02 -7.5368255E-02  1.4366010E-02
  0.6186444     -3.5530393E-04 -2.2392273E-03  -439388.9      -338073.5    
 -0.8892404     -2.7672291E-02  1.7251178E+07   781760.2     -0.1474980    
 -3.3264160E-03 -2.5260769E-02 -9.6231245E-02  2.9977405E-02   1.370955    
  5.7930681E-03  7.7819824E-04  -424383.5      -249354.2     -0.7097480    
 -0.1111984      1.7314570E+07   362255.9     -0.1706268      7.8964233E-04
 -3.7536789E-02  6.8440653E-02  9.5038526E-03  -1.935240      2.2966482E-04
  2.3345947E-03  -426807.0      -170406.6     -0.1775309      1.5926361E-03
  1.7404312E+07   455778.7      1.4615034E-02  9.4604492E-04 -1.4607882E-02
 -1.5213190E-02  4.1360170E-02  0.3545391     -2.0548503E-03 -1.5258789E-04
  -439214.2      -46678.76      -1.403707      0.1349869      1.7236188E+07
   319578.6      1.9205729E-02 -1.8615723E-03  1.9702474E-04 -2.5652714E-02
   3725.811      -1.570795       1189604.      1.1165982E-02  8.9526176E-03
 -1.2079227E-11 -0.1358032     -1.4352798E-04  0.1276970     -1.4948682E-09
  2.1419998E+07  8.7805785E-02  8.6060027E-06  4.4764192E-13   31354.74    
  -1.570720       1158835.       7.627199      1.4657240E-02  4.5445631E-08
  0.5619929      4.4631958E-03  0.3250562      1.1408702E-08  2.1427316E+07
   63.41532     -1.2331489E-06  6.7501560E-12   58948.99      -1.570463    
   1165826.       61.49308      1.3546071E-03 -7.0035458E-07 -0.8908644    
  1.5258789E-03 -0.1084153     -1.8728897E-06  2.1510500E+07   508.5282    
  5.0950721E-06 -5.0988547E-11   86556.36      -1.569791       1181160.    
   266.5458     -1.9311905E-02  3.0295923E-06   1.057434     -1.6296387E-02
  0.2403259      8.3185732E-06  2.1596778E+07   2186.674      4.0659870E-06
 -3.0013325E-11   114165.6      -1.567975       1205358.       952.0798    
 -1.8455103E-02 -1.6046688E-05  0.4309724     -2.8228760E-02  0.1074540    
 -2.4765730E-05  2.1730730E+07   7722.845      6.4722626E-06  4.2859050E-12
   140552.7      -1.562829       1237290.       3159.938     -1.2733978E-02
 -1.4014542E-05  0.5337991      3.5034180E-02 -0.2378044      2.0909309E-04
  2.1941818E+07   25264.05     -1.2447808E-05  7.9580786E-13   162570.0    
  -1.548508       1282907.       9734.799      4.0257229E-03 -7.4550509E-05
  -1.585356     -8.0444336E-02  0.1177199     -1.3792515E-04  2.2267672E+07
   76449.12      1.8721813E-06  7.5033313E-12   172696.0      -1.512089    
   1343560.       26374.83     -2.8331105E-03  1.8572807E-04 -4.1980278E-02
 -2.5634766E-03 -9.1217786E-02  1.8928051E-03  2.2609482E+07   202942.3    
 -1.5401427E-05 -4.2064130E-11   155528.3      -1.418779       1407798.    
   61599.97      7.0867697E-03  1.2624264E-04 -0.3634693     -5.6152344E-03
  0.1163258      4.0054321E-04  2.3002248E+07   463579.1     -4.7772464E-06
 -1.2732926E-11   103188.5      -1.112629       1478143.       126017.9    
 -1.0223389E-02  3.6358833E-04  1.3253349E-02  6.8969727E-02  0.1619612    
 -4.6730042E-05  2.3361850E+07   923269.0      1.5074329E-05 -9.0949470E-11
   82753.00      0.4650727       1526171.       230386.4      3.6051348E-03
 -1.2607574E-03 -0.4287655     -0.3684082     -8.8723645E-02  2.1972656E-03
  2.3593332E+07   1638609.     -4.9700105E-07 -1.0213626E-09   269017.4    
   1.197580       1543293.       380534.8      8.2969666E-03 -3.1609535E-03
  2.8038027E-02 -0.5285645     -9.7703941E-02 -7.9879761E-03  2.3554334E+07
   2619702.     -3.9296995E-07 -3.7782684E-09   563136.4       1.397027    
   1522735.       570684.3      4.3315273E-03 -8.1262589E-03 -0.4063760    
 -0.4091797     -0.1796927     -6.7901611E-04  2.3200532E+07   3800206.    
 -8.9595042E-06 -4.2928150E-10   953941.6       1.520941       1445728.    
   783711.0     -1.1671453E-03 -3.5476685E-04  0.5810868     -0.1589355    
 -3.5347831E-02 -1.6281128E-02  2.2526960E+07   5032416.     -7.4260420E-06
 -4.5383786E-09   1418416.       1.621380       1323028.       993681.3    
 -1.7775321E-02  6.6900253E-03 -0.1884015      0.5209961      0.2664326    
 -3.8101196E-02  2.1567306E+07   6145318.     -1.4553487E-05 -5.2241376E-09
   1934370.       1.707876       1164376.       1175440.     -3.0517578E-03
 -3.9253235E-03  0.2138335      0.1457520      0.1412227      9.3605042E-02
  2.0489664E+07   6979007.     -1.4742596E-07 -1.0628355E-08   2460196.    
   1.783182       994522.9       1314570.      1.4041372E-02  4.5261383E-03
  0.1666210      0.2382812     -3.8348492E-02  7.3974609E-02  1.9400426E+07
   7479270.      1.0618110E-05 -3.3407559E-08   2962836.       1.847346    
   827838.7       1402589.     -3.2066701E-03 -2.3052216E-02  0.1948168    
 -0.2368164     -3.8247675E-02 -3.3119202E-02  1.8435914E+07   7634190.    
 -1.4007735E-05  3.2723619E-09   3402664.       1.901221       677782.1    
   1445556.     -2.7663417E-03 -5.5503845E-04   1.905351      -1.027344    
 -8.3121978E-02  4.6417236E-02  1.7616986E+07   7509914.     -5.6031363E-06
 -9.3412382E-08   3750258.       1.944164       547670.8       1447586.    
  2.4136624E-03 -2.4299622E-03 -0.5007101     -0.6582031     -9.9043390E-03
  2.2430420E-02  1.6992266E+07   7131626.      2.3967395E-06  7.1961040E-08
   3981846.       1.978560       440181.4       1417719.     -2.4915005E-03
 -1.3637543E-03  0.1562922      0.7031250     -3.9073054E-02 -6.1470032E-02
  1.6544058E+07   6639714.      1.7622216E-06 -2.3127882E-09   4075757.    
   2.004987       355495.8       1366235.      1.5258789E-03 -2.2241592E-02
  0.1624590     -0.2508545     -0.1822766     -2.6069641E-02  1.6227931E+07
   6063944.      2.7826136E-06 -2.0023435E-08   4023470.       2.023261    
   290612.3       1294423.     -2.7699643E-03 -1.4633179E-02 -1.8562358E-02
 -0.8632812      0.1184250     -1.7311096E-02  1.6046772E+07   5459123.    
  2.4317876E-06 -2.2522727E-08   3819062.       2.033968       240358.2    
   1214053.     -3.4418328E-05  9.6263885E-03  0.2898023      0.2546387    
 -1.2390599E-02  9.9327087E-02  1.5953380E+07   4839114.     -2.6814153E-06
  3.0995579E-09   3474845.       2.037356       203886.5       1128842.    
 -6.5159150E-03  1.0589600E-02  1.6364019E-02  0.6021881     -0.1974240    
  3.3100128E-02  1.5917217E+07   4247292.      4.0845730E-06 -3.4899131E-08
   3009386.       2.032284       180389.9       1037792.      2.8986414E-03
  5.8326721E-03  -1.142793     -0.8561554     -6.5005600E-02 -1.1520386E-02
  1.5934220E+07   3695736.      3.3247243E-06  2.8710929E-08   2448988.    
   2.016964       162677.2       945063.6     -3.6560165E-04  1.5830994E-03
  0.4773063     -0.3127670      5.5693317E-02 -4.6905518E-02  1.5975094E+07
   3170894.     -7.5254961E-06  4.7170033E-08   1832027.       1.986769    
   149993.8       850217.4      9.5367437E-04  4.8217773E-03  0.4463636    
 -0.9640007      0.2951402     -1.1619568E-02  1.6013942E+07   2681088.    
 -3.3715110E-06  6.9085218E-09   1204437.       1.927666       143339.6    
   757041.2     -2.2357542E-03 -7.3146820E-03   7.291078      -6.535896    
 -3.9677564E-02  1.4244080E-02  1.6036729E+07   2241847.      4.1765384E-06
  1.8597348E-08   602981.0       1.792665       149662.0       656151.4    
 -1.2024838E-03 -6.7901611E-03 -0.2121111      0.4970398      0.1836521    
  2.5070190E-02  1.5909295E+07   1757116.      1.9501871E-05 -6.1161700E-08
   1120729.      0.9064424      -449642.0       2434844.     -2.1137716E-03
 -5.1269531E-03  -34.38176       297.9297     -2.8747296E-02  1.3183594E-02
  2.3383154E+07  -6295966.      6.0389316E-06  9.6537406E-08   315293.8    
 -0.4521701      -89806.97       613168.9     -2.5573387E-05  7.1868896E-03
 -0.6215355       2.747559      6.8408805E-03 -1.4343262E-02  1.7188672E+07
   1287483.     -4.5945835E-06 -3.3345714E-08   555910.1      -1.018471    
  -370711.2       409988.8     -5.4510433E-04 -1.1154175E-02  0.3986199    
  6.1111450E-02 -0.1012005     -1.7822266E-02  1.6786854E+07   1026153.    
  1.7553511E-06  6.4028427E-08   1093099.     -0.3398585       2612743.    
   672057.4      1.9223671E-02  1.8615723E-03  -1.396792      0.3616028    
 -0.2719188     -2.5268555E-02  1.8202234E+07   2074951.      5.0748372E-06
  6.4988853E-08   763207.2     -0.8687204       657484.6       465124.2    
 -7.2309156E-03 -1.0681152E-03  0.3412992       1.017212      0.1557679    
 -5.0659180E-03  1.7417970E+07   861571.8     -1.5127020E-05 -1.0815711E-08
   640256.6     -0.9902003       493674.9       409628.8     -1.8412527E-03
 -3.4713745E-04 -0.2164633     -2.9136658E-02 -0.1472096     -3.5705566E-03
  1.7380986E+07   998529.5     -3.5908370E-06 -5.0753442E-08   455614.6    
  -1.095191       439388.7       338073.2      1.4184615E-04  2.2010803E-03
 -0.1614677      6.3743591E-02  7.0157379E-02 -2.6092529E-03  1.7251178E+07
   781759.4     -1.0424046E-05  3.1806849E-08   240972.8      -1.237018    
   424383.5       249354.3     -5.9230538E-04 -3.6621094E-04 -0.4926265    
 -5.6083679E-02 -6.4022586E-02 -9.7274780E-04  1.7314570E+07   362255.2    
 -6.3296120E-06 -1.5734258E-09   36651.80      -1.897727       426806.8    
   170406.5     -2.9752033E-03  6.5994263E-04 -0.5403387      0.1894989    
  1.8373186E-02 -8.2397461E-04  1.7404312E+07   455779.8     -4.3056421E-06
  3.2996468E-08   163211.4       1.658301       439214.2       46679.09    
 -5.3405762E-04 -2.2888184E-05 -0.2902018      0.4419250      0.1162923    
  1.1901855E-03  1.7236186E+07   319579.1     -4.1868384E-06 -1.4528268E-08
  3.4921359E-06  -1.551404      1.6164271E-03  1.3844768E-11 -6.5639252E-03
  1.8875863E-07  3.7961290E-04  7.7013055E-07  5.7459012E-02  7.3259235E-07
 -3.9814110E-03  6.7767458E-11   9210.136      1.9908406E-07  2.2532187E-05
   1.678501      3.9141809E-04  1.6311978E-09 -1.1154934E-02  2.5342916E-07
  7.2330186E-05  3.0539377E-07  1.4995181E-02  2.3649307E-05  4.9346779E-03
  3.1201790E-08   10619.09     -2.5492975E-05  4.4021210E-05   1.827577    
  4.3827956E-04  5.4646478E-08 -6.9465302E-03 -1.8089414E-06 -3.8977855E-04
  7.8758458E-06 -1.0493835E-02  4.8131962E-05  3.0340299E-03  4.3898268E-08
   10444.48      6.6129731E-05  4.8982438E-05   1.317438      6.7085057E-05
  6.2267588E-08 -1.0410566E-02 -4.5991783E-07 -9.3916125E-05 -1.2026241E-05
  3.6321662E-03 -2.6136202E-05  1.1290060E-03 -1.1890418E-06   10432.29    
  1.2240229E-04  8.1317514E-05  -1.856105     -1.5622666E-03  1.1888610E-06
 -5.8161640E-03 -6.6968869E-06 -1.6123398E-05 -2.4953275E-05  2.4251936E-03
 -2.1392544E-04  7.3165183E-06  2.3154689E-06   10649.65      2.4508572E-05
  1.0615347E-04 -0.4402163     -9.0604497E-04 -9.7985708E-07 -1.1802731E-03
 -3.2040309E-05  2.4903015E-06 -1.0431278E-05  1.1090942E-02  3.5312699E-04
  6.3621346E-03  5.5296068E-06   10853.77     -4.1000523E-05  2.0546356E-04
   1.482265      1.4931386E-03 -7.5290695E-06 -4.1188351E-03 -3.8711605E-05
 -3.5183632E-04  6.6867622E-05 -8.1562431E-04 -4.2578820E-04  3.1587109E-03
  5.1024217E-06   10598.77     -1.5606013E-03  1.8229779E-04  -1.902593    
  2.1321818E-03  2.0633892E-05  1.6995637E-03 -1.5061352E-04 -4.1018002E-04
 -1.0153698E-04 -2.1352949E-02  5.5391583E-06  1.1838756E-04 -9.1070098E-05
   10659.67      3.1353352E-03  8.8349683E-05   2.820189      2.7290788E-03
  6.4274602E-05 -1.2789944E-02 -5.0120184E-04 -1.8894060E-04 -9.8876073E-05
 -1.2650082E-02  5.4563058E-04  6.3667786E-03  4.0247221E-04   10636.23    
  9.2625439E-02  5.2080950E-04   1.249623      7.2024466E-04  1.5915620E-04
  4.2960830E-05 -8.2170294E-04 -3.5116982E-04 -3.1240552E-04 -9.9753579E-03
  5.0687264E-03  1.5259208E-03  1.4294717E-03   10664.10     -0.2068170    
  3.8211799E-04 -0.7973593      4.9748914E-03  4.7813414E-04 -7.7722482E-03
 -9.1452303E-04 -2.1639942E-04 -1.6073580E-05  3.8337596E-02  3.8508675E-03
 -2.3819793E-03  8.3969743E-04   10566.73      0.4932438      3.9110909E-04
  0.9425846      1.5267356E-03  3.9557897E-05 -9.0849735E-03 -1.9392165E-03
 -5.8616028E-05 -3.1373929E-06  1.9092422E-02  7.4337535E-03 -8.5004121E-03
  2.4340437E-03   10686.90       2.408479      2.7855654E-04  -2.006443    
  1.4776672E-03  3.9459008E-04 -8.2282592E-03 -4.8242970E-03  1.3592604E-04
 -2.7584285E-04 -1.5878929E-02  1.0607309E-02  3.8875015E-03 -2.2172497E-04
   10570.29     -0.8097453      7.0109300E-04   1.436900     -4.2887055E-04
 -6.0207880E-04 -7.6372069E-03 -1.4415910E-04 -2.7014512E-06  1.5382585E-04
  2.4192560E-02 -1.5067630E-03  4.0771053E-04  8.8949660E-03   10835.11    
  0.5574865      3.5314451E-04  0.7067196      3.9040865E-04  1.3277034E-03
 -2.9931071E-03 -1.9582165E-02  1.2352866E-04 -4.1725324E-04  3.4977533E-02
  2.0139517E-02 -1.2108416E-02  2.5230115E-03   10699.84      -7.518028    
  1.0070908E-03   1.774234      1.8299857E-04  9.9509431E-04 -2.1175737E-03
  6.8486896E-03  5.3259610E-05 -1.6945414E-05 -7.2839479E-03  6.2679239E-02
  7.0686702E-04 -8.4626162E-04   10602.18       7.992943      4.7536439E-04
   3.092204      6.6517328E-04  1.8381915E-04 -1.3016660E-02 -6.0354038E-03
 -1.7954439E-05  2.9488653E-04 -3.6753431E-02  3.8013853E-02 -3.6948423E-03
  1.3579301E-02   10648.66       15.73964      4.8449240E-04  -1.845664    
  6.5335771E-04  1.2346704E-03 -1.0288646E-02 -9.4690016E-03  3.8697171E-06
 -1.8257275E-04 -4.7942852E-03  4.0007405E-02  1.5195465E-04  1.1373990E-02
   10889.37      -32.28056      1.8827255E-03   2.410398     -4.1200462E-04
  1.9250950E-03 -7.8720143E-03  4.1627516E-03  1.1154966E-04  1.1264160E-04
  2.1189047E-02 -7.4053681E-03  2.1989353E-03  7.3956032E-03   10596.74    
   80.35959      6.2717934E-04   3.003431      1.7005257E-05  1.5032233E-03
 -6.0912189E-03 -1.0027840E-02  3.1410538E-05 -1.9195955E-05 -1.0738036E-02
  2.1467913E-02  4.1128234E-03  1.1204699E-02   10613.86      -33.67750    
  4.9660436E-04  -3.002208     -8.1055550E-05 -7.1442511E-04 -6.2125707E-03
  1.2144255E-02 -2.6050886E-06  7.8420853E-05 -2.1578636E-02  3.1983487E-02
  3.3080886E-04 -1.4244053E-03   10761.97      -22.24349      1.9892419E-03
  -1.780674     -3.1994609E-04  2.2735712E-04 -1.2856398E-03 -1.3733417E-02
  1.3403571E-06  2.1980028E-05 -3.9085571E-02 -2.9473517E-02 -1.2314557E-04
  5.4705711E-03   10736.16      -16.42587      2.8895542E-03  -2.604526    
  4.6455182E-04  2.8847244E-03 -1.2037819E-03 -1.6182637E-02 -4.7468625E-06
  1.1536453E-04 -2.0630468E-02  7.1947803E-03 -4.4313747E-06 -4.3096673E-03
   10675.06      -63.76091      9.8646944E-04 -0.5106436      9.6074175E-05
  1.3688377E-03  1.2322053E-03 -2.1624122E-02  2.7920514E-05 -1.9213305E-04
 -3.0500632E-02  5.5127177E-02 -1.6550429E-04  5.4533617E-03   10699.37    
  -8.383391      8.2399452E-04  -1.730161     -8.5115331E-05 -3.9959152E-04
 -5.9358263E-04 -6.0750232E-03 -2.0492871E-06  3.5110366E-04 -3.0769005E-03
  6.3754141E-02  1.1088025E-04  1.5863142E-03   10662.63       5.911350    
  2.1058416E-03   2.986628      1.5870460E-04  1.8950177E-03 -3.0640222E-03
 -5.4528504E-03 -1.8615774E-05  3.1680131E-05 -1.1674874E-02  8.8596148E-03
  1.3432433E-03  3.0844500E-03   10702.99       14.34337      8.9515402E-04
   2.610995     -1.0962838E-05  3.6354586E-03 -5.1642815E-03 -1.5235254E-02
 -2.8245209E-05 -4.7168905E-05  1.9048212E-02  8.7982841E-02  2.5967308E-04
  8.4339306E-03   10798.18       29.92501      8.6196582E-04  -1.631117    
  1.6770748E-04 -1.8312898E-04 -4.2317468E-03 -1.0886037E-02 -4.1943251E-05
  1.2860670E-04 -1.5222323E-02 -1.1508264E-02 -6.2359794E-04  3.8754300E-04
   10770.23      -2.873026      1.8679600E-03   1.523885     -7.9449717E-05
 -8.0201443E-04  3.7054839E-03 -7.8237951E-03  7.1824961E-06 -6.6075525E-05
 -4.8399594E-02  7.0289433E-02  2.7804077E-05  3.4722453E-03   10729.21    
  -17.82322      2.3081049E-03   2.506126      5.6368095E-05 -1.6023975E-04
 -8.7477174E-03 -8.4008053E-03 -4.9493087E-06 -4.0373736E-05  3.7616946E-02
  0.2402215      4.8281351E-04  3.2709874E-03   10693.68      -77.74416    
  3.3214099E-03  -2.746069      3.4108621E-04  1.4726799E-03  0.1409415    
  0.3215986      1.2367900E-03  6.6686422E-05 -0.7279353      0.8868078    
  3.8890934E-03 -3.0905008E-05   10703.26       13.67301      6.9278193E-04
  -1.924542      2.3353236E-05 -1.5237324E-03  2.0723682E-04 -1.3506667E-02
  1.3780970E-05 -3.6337762E-05 -8.2388055E-03 -8.9807197E-02 -1.8850733E-04
 -1.5887044E-03   10790.00       66.66468      4.9351379E-03   3.009239    
  2.6488633E-05 -1.5774253E-03 -6.6740927E-03  1.5578452E-02  1.6837912E-05
 -3.0060401E-05  1.2751940E-02  6.5466993E-02  3.2059269E-04 -1.3985941E-03
   10789.02       38.90020      4.2178086E-04  -2.903428     -1.8721345E-04
 -8.2432688E-04 -5.8804099E-03 -3.0422715E-02 -4.2646507E-06  1.0377717E-04
 -1.8422995E-03 -6.2656514E-02 -2.5352067E-04  5.1758252E-04   10794.89    
  -29.63264      2.6177082E-04   1.151774     -5.5959961E-05 -1.8977335E-03
  2.4011552E-03 -4.5785448E-03  2.3196157E-05 -6.8525726E-05 -3.8018737E-02
 -7.7702120E-02 -1.8754782E-04  7.4095628E-03   10733.60       6.424283    
  6.9767260E-04   2.342046     -1.5914773E-04 -1.3272722E-03  3.0103934E-04
 -1.6346835E-02 -7.9164738E-06 -1.4302714E-05 -3.4052517E-02  6.6395603E-02
  7.7720033E-05  2.3068902E-03   10801.67      -17.02194      3.2029656E-04
  -2.756062     -2.4514727E-04 -1.2080411E-03  6.5934431E-04 -7.2613158E-03
  3.5078836E-05 -2.7262404E-05 -1.6407745E-02 -5.7975366E-03  5.4105872E-04
  3.0995433E-03   10786.28       59.04140      3.0433404E-04  -3.051350    
 -7.9407371E-05 -1.3311639E-03 -4.2102044E-03 -4.9854810E-03  1.4219625E-05
 -8.0108948E-06 -1.1764249E-02  9.7340383E-03  3.7316804E-05  6.5328053E-04
   10710.99      -2.915905      5.7323277E-04  0.1743014      4.2027259E-05
 -1.7053811E-04  1.6633893E-03  1.7811828E-03  2.3442411E-05 -1.4302001E-05
 -2.2653019E-02  3.2777023E-02 -2.4072408E-04 -1.7505917E-03   10757.28    
  -24.04450      3.9460673E-04 -0.9855325      1.2289034E-05 -4.6279043E-04
  1.1317261E-03  8.6803064E-03  4.9408060E-05 -3.4559082E-05 -2.6165452E-03
  6.6967443E-02 -3.3144033E-04  2.3974567E-03   10748.40       60.92013    
