85 
64 
1.000000E+01 0.000000E+00 0.000000E+00 
1.000000E+01 0.000000E+00 -2.000000E+00 
5.000000E+00 0.000000E+00 -3.000000E+00 
3.000000E+00 0.000000E+00 -3.000000E+00 
3.000000E+00 0.000000E+00 0.000000E+00 
9.807853E+00 1.950903E+00 0.000000E+00 
9.807853E+00 1.950903E+00 -2.000000E+00 
4.903926E+00 9.754516E-01 -3.000000E+00 
2.942356E+00 5.852710E-01 -3.000000E+00 
2.942356E+00 5.852710E-01 0.000000E+00 
9.238795E+00 3.826834E+00 0.000000E+00 
9.238795E+00 3.826834E+00 -2.000000E+00 
4.619398E+00 1.913417E+00 -3.000000E+00 
2.771639E+00 1.148050E+00 -3.000000E+00 
2.771639E+00 1.148050E+00 0.000000E+00 
8.314696E+00 5.555702E+00 0.000000E+00 
8.314696E+00 5.555702E+00 -2.000000E+00 
4.157348E+00 2.777851E+00 -3.000000E+00 
2.494409E+00 1.666711E+00 -3.000000E+00 
2.494409E+00 1.666711E+00 0.000000E+00 
7.071068E+00 7.071068E+00 0.000000E+00 
7.071068E+00 7.071068E+00 -2.000000E+00 
3.535534E+00 3.535534E+00 -3.000000E+00 
2.121320E+00 2.121320E+00 -3.000000E+00 
2.121320E+00 2.121320E+00 0.000000E+00 
5.555702E+00 8.314696E+00 0.000000E+00 
5.555702E+00 8.314696E+00 -2.000000E+00 
2.777851E+00 4.157348E+00 -3.000000E+00 
1.666711E+00 2.494409E+00 -3.000000E+00 
1.666711E+00 2.494409E+00 0.000000E+00 
3.826834E+00 9.238795E+00 0.000000E+00 
3.826834E+00 9.238795E+00 -2.000000E+00 
1.913417E+00 4.619398E+00 -3.000000E+00 
1.148050E+00 2.771639E+00 -3.000000E+00 
1.148050E+00 2.771639E+00 0.000000E+00 
1.950903E+00 9.807853E+00 0.000000E+00 
1.950903E+00 9.807853E+00 -2.000000E+00 
9.754516E-01 4.903926E+00 -3.000000E+00 
5.852710E-01 2.942356E+00 -3.000000E+00 
5.852710E-01 2.942356E+00 0.000000E+00 
6.123234E-16 1.000000E+01 0.000000E+00 
6.123234E-16 1.000000E+01 -2.000000E+00 
3.061617E-16 5.000000E+00 -3.000000E+00 
1.836970E-16 3.000000E+00 -3.000000E+00 
1.836970E-16 3.000000E+00 0.000000E+00 
-1.950903E+00 9.807853E+00 0.000000E+00 
-1.950903E+00 9.807853E+00 -2.000000E+00 
-9.754516E-01 4.903926E+00 -3.000000E+00 
-5.852710E-01 2.942356E+00 -3.000000E+00 
-5.852710E-01 2.942356E+00 0.000000E+00 
-3.826834E+00 9.238795E+00 0.000000E+00 
-3.826834E+00 9.238795E+00 -2.000000E+00 
-1.913417E+00 4.619398E+00 -3.000000E+00 
-1.148050E+00 2.771639E+00 -3.000000E+00 
-1.148050E+00 2.771639E+00 0.000000E+00 
-5.555702E+00 8.314696E+00 0.000000E+00 
-5.555702E+00 8.314696E+00 -2.000000E+00 
-2.777851E+00 4.157348E+00 -3.000000E+00 
-1.666711E+00 2.494409E+00 -3.000000E+00 
-1.666711E+00 2.494409E+00 0.000000E+00 
-7.071068E+00 7.071068E+00 0.000000E+00 
-7.071068E+00 7.071068E+00 -2.000000E+00 
-3.535534E+00 3.535534E+00 -3.000000E+00 
-2.121320E+00 2.121320E+00 -3.000000E+00 
-2.121320E+00 2.121320E+00 0.000000E+00 
-8.314696E+00 5.555702E+00 0.000000E+00 
-8.314696E+00 5.555702E+00 -2.000000E+00 
-4.157348E+00 2.777851E+00 -3.000000E+00 
-2.494409E+00 1.666711E+00 -3.000000E+00 
-2.494409E+00 1.666711E+00 0.000000E+00 
-9.238795E+00 3.826834E+00 0.000000E+00 
-9.238795E+00 3.826834E+00 -2.000000E+00 
-4.619398E+00 1.913417E+00 -3.000000E+00 
-2.771639E+00 1.148050E+00 -3.000000E+00 
-2.771639E+00 1.148050E+00 0.000000E+00 
-9.807853E+00 1.950903E+00 0.000000E+00 
-9.807853E+00 1.950903E+00 -2.000000E+00 
-4.903926E+00 9.754516E-01 -3.000000E+00 
-2.942356E+00 5.852710E-01 -3.000000E+00 
-2.942356E+00 5.852710E-01 0.000000E+00 
-1.000000E+01 1.224647E-15 0.000000E+00 
-1.000000E+01 1.224647E-15 -2.000000E+00 
-5.000000E+00 6.123234E-16 -3.000000E+00 
-3.000000E+00 3.673940E-16 -3.000000E+00 
-3.000000E+00 3.673940E-16 0.000000E+00 
1 2 7 6 
6 7 12 11 
11 12 17 16 
16 17 22 21 
21 22 27 26 
26 27 32 31 
31 32 37 36 
36 37 42 41 
41 42 47 46 
46 47 52 51 
51 52 57 56 
56 57 62 61 
61 62 67 66 
66 67 72 71 
71 72 77 76 
76 77 82 81 
2 3 8 7 
7 8 13 12 
12 13 18 17 
17 18 23 22 
22 23 28 27 
27 28 33 32 
32 33 38 37 
37 38 43 42 
42 43 48 47 
47 48 53 52 
52 53 58 57 
57 58 63 62 
62 63 68 67 
67 68 73 72 
72 73 78 77 
77 78 83 82 
3 4 9 8 
8 9 14 13 
13 14 19 18 
18 19 24 23 
23 24 29 28 
28 29 34 33 
33 34 39 38 
38 39 44 43 
43 44 49 48 
48 49 54 53 
53 54 59 58 
58 59 64 63 
63 64 69 68 
68 69 74 73 
73 74 79 78 
78 79 84 83 
4 5 10 9 
9 10 15 14 
14 15 20 19 
19 20 25 24 
24 25 30 29 
29 30 35 34 
34 35 40 39 
39 40 45 44 
44 45 50 49 
49 50 55 54 
54 55 60 59 
59 60 65 64 
64 65 70 69 
69 70 75 74 
74 75 80 79 
79 80 85 84 
