  2   1
     1  0.9807853E+01  0.1950903E+01 -0.2000000E+01
     2  0.9807853E+01  0.1950903E+01 -0.1000000E+01
     3  0.9807853E+01  0.1950903E+01  0.0000000E+00
     4  0.9903927E+01  0.9754515E+00 -0.2000000E+01
     5  0.9903927E+01  0.9754515E+00 -0.1000000E+01
     6  0.9903927E+01  0.9754515E+00  0.0000000E+00
     7  0.1000000E+02  0.0000000E+00 -0.2000000E+01
     8  0.1000000E+02  0.0000000E+00 -0.1000000E+01
     9  0.1000000E+02  0.0000000E+00  0.0000000E+00
    10  0.9238795E+01  0.3826834E+01 -0.2000000E+01
    11  0.9238795E+01  0.3826834E+01 -0.1000000E+01
    12  0.9238795E+01  0.3826834E+01  0.0000000E+00
    13  0.9523324E+01  0.2888869E+01 -0.2000000E+01
    14  0.9523324E+01  0.2888869E+01 -0.1000000E+01
    15  0.9523324E+01  0.2888869E+01  0.0000000E+00
    16  0.9807853E+01  0.1950903E+01 -0.2000000E+01
    17  0.9807853E+01  0.1950903E+01 -0.1000000E+01
    18  0.9807853E+01  0.1950903E+01  0.0000000E+00
    19  0.8314696E+01  0.5555702E+01 -0.2000000E+01
    20  0.8314696E+01  0.5555702E+01 -0.1000000E+01
    21  0.8314696E+01  0.5555702E+01  0.0000000E+00
    22  0.8776746E+01  0.4691268E+01 -0.2000000E+01
    23  0.8776746E+01  0.4691268E+01 -0.1000000E+01
    24  0.8776746E+01  0.4691268E+01  0.0000000E+00
    25  0.9238795E+01  0.3826834E+01 -0.2000000E+01
    26  0.9238795E+01  0.3826834E+01 -0.1000000E+01
    27  0.9238795E+01  0.3826834E+01  0.0000000E+00
    28  0.7071068E+01  0.7071068E+01 -0.2000000E+01
    29  0.7071068E+01  0.7071068E+01 -0.1000000E+01
    30  0.7071068E+01  0.7071068E+01  0.0000000E+00
    31  0.7692882E+01  0.6313385E+01 -0.2000000E+01
    32  0.7692882E+01  0.6313385E+01 -0.1000000E+01
    33  0.7692882E+01  0.6313385E+01  0.0000000E+00
    34  0.8314696E+01  0.5555702E+01 -0.2000000E+01
    35  0.8314696E+01  0.5555702E+01 -0.1000000E+01
    36  0.8314696E+01  0.5555702E+01  0.0000000E+00
    37  0.5555702E+01  0.8314696E+01 -0.2000000E+01
    38  0.5555702E+01  0.8314696E+01 -0.1000000E+01
    39  0.5555702E+01  0.8314696E+01  0.0000000E+00
    40  0.6313385E+01  0.7692882E+01 -0.2000000E+01
    41  0.6313385E+01  0.7692882E+01 -0.1000000E+01
    42  0.6313385E+01  0.7692882E+01  0.0000000E+00
    43  0.7071068E+01  0.7071068E+01 -0.2000000E+01
    44  0.7071068E+01  0.7071068E+01 -0.1000000E+01
    45  0.7071068E+01  0.7071068E+01  0.0000000E+00
    46  0.3826834E+01  0.9238795E+01 -0.2000000E+01
    47  0.3826834E+01  0.9238795E+01 -0.1000000E+01
    48  0.3826834E+01  0.9238795E+01  0.0000000E+00
    49  0.4691268E+01  0.8776746E+01 -0.2000000E+01
    50  0.4691268E+01  0.8776746E+01 -0.1000000E+01
    51  0.4691268E+01  0.8776746E+01  0.0000000E+00
    52  0.5555702E+01  0.8314696E+01 -0.2000000E+01
    53  0.5555702E+01  0.8314696E+01 -0.1000000E+01
    54  0.5555702E+01  0.8314696E+01  0.0000000E+00
    55  0.1950903E+01  0.9807853E+01 -0.2000000E+01
    56  0.1950903E+01  0.9807853E+01 -0.1000000E+01
    57  0.1950903E+01  0.9807853E+01  0.0000000E+00
    58  0.2888869E+01  0.9523324E+01 -0.2000000E+01
    59  0.2888869E+01  0.9523324E+01 -0.1000000E+01
    60  0.2888869E+01  0.9523324E+01  0.0000000E+00
    61  0.3826834E+01  0.9238795E+01 -0.2000000E+01
    62  0.3826834E+01  0.9238795E+01 -0.1000000E+01
    63  0.3826834E+01  0.9238795E+01  0.0000000E+00
    64  0.0000000E+00  0.1000000E+02 -0.2000000E+01
    65  0.0000000E+00  0.1000000E+02 -0.1000000E+01
    66  0.0000000E+00  0.1000000E+02  0.0000000E+00
    67  0.9754515E+00  0.9903927E+01 -0.2000000E+01
    68  0.9754515E+00  0.9903927E+01 -0.1000000E+01
    69  0.9754515E+00  0.9903927E+01  0.0000000E+00
    70  0.1950903E+01  0.9807853E+01 -0.2000000E+01
    71  0.1950903E+01  0.9807853E+01 -0.1000000E+01
    72  0.1950903E+01  0.9807853E+01  0.0000000E+00
    73 -0.1950903E+01  0.9807853E+01 -0.2000000E+01
    74 -0.1950903E+01  0.9807853E+01 -0.1000000E+01
    75 -0.1950903E+01  0.9807853E+01  0.0000000E+00
    76 -0.9754515E+00  0.9903927E+01 -0.2000000E+01
    77 -0.9754515E+00  0.9903927E+01 -0.1000000E+01
    78 -0.9754515E+00  0.9903927E+01  0.0000000E+00
    79  0.0000000E+00  0.1000000E+02 -0.2000000E+01
    80  0.0000000E+00  0.1000000E+02 -0.1000000E+01
    81  0.0000000E+00  0.1000000E+02  0.0000000E+00
    82 -0.3826834E+01  0.9238795E+01 -0.2000000E+01
    83 -0.3826834E+01  0.9238795E+01 -0.1000000E+01
    84 -0.3826834E+01  0.9238795E+01  0.0000000E+00
    85 -0.2888869E+01  0.9523324E+01 -0.2000000E+01
    86 -0.2888869E+01  0.9523324E+01 -0.1000000E+01
    87 -0.2888869E+01  0.9523324E+01  0.0000000E+00
    88 -0.1950903E+01  0.9807853E+01 -0.2000000E+01
    89 -0.1950903E+01  0.9807853E+01 -0.1000000E+01
    90 -0.1950903E+01  0.9807853E+01  0.0000000E+00
    91 -0.5555702E+01  0.8314696E+01 -0.2000000E+01
    92 -0.5555702E+01  0.8314696E+01 -0.1000000E+01
    93 -0.5555702E+01  0.8314696E+01  0.0000000E+00
    94 -0.4691268E+01  0.8776746E+01 -0.2000000E+01
    95 -0.4691268E+01  0.8776746E+01 -0.1000000E+01
    96 -0.4691268E+01  0.8776746E+01  0.0000000E+00
    97 -0.3826834E+01  0.9238795E+01 -0.2000000E+01
    98 -0.3826834E+01  0.9238795E+01 -0.1000000E+01
    99 -0.3826834E+01  0.9238795E+01  0.0000000E+00
   100 -0.7071068E+01  0.7071068E+01 -0.2000000E+01
   101 -0.7071068E+01  0.7071068E+01 -0.1000000E+01
   102 -0.7071068E+01  0.7071068E+01  0.0000000E+00
   103 -0.6313385E+01  0.7692882E+01 -0.2000000E+01
   104 -0.6313385E+01  0.7692882E+01 -0.1000000E+01
   105 -0.6313385E+01  0.7692882E+01  0.0000000E+00
   106 -0.5555702E+01  0.8314696E+01 -0.2000000E+01
   107 -0.5555702E+01  0.8314696E+01 -0.1000000E+01
   108 -0.5555702E+01  0.8314696E+01  0.0000000E+00
   109 -0.8314696E+01  0.5555702E+01 -0.2000000E+01
   110 -0.8314696E+01  0.5555702E+01 -0.1000000E+01
   111 -0.8314696E+01  0.5555702E+01  0.0000000E+00
   112 -0.7692882E+01  0.6313385E+01 -0.2000000E+01
   113 -0.7692882E+01  0.6313385E+01 -0.1000000E+01
   114 -0.7692882E+01  0.6313385E+01  0.0000000E+00
   115 -0.7071068E+01  0.7071068E+01 -0.2000000E+01
   116 -0.7071068E+01  0.7071068E+01 -0.1000000E+01
   117 -0.7071068E+01  0.7071068E+01  0.0000000E+00
   118 -0.9238795E+01  0.3826834E+01 -0.2000000E+01
   119 -0.9238795E+01  0.3826834E+01 -0.1000000E+01
   120 -0.9238795E+01  0.3826834E+01  0.0000000E+00
   121 -0.8776746E+01  0.4691268E+01 -0.2000000E+01
   122 -0.8776746E+01  0.4691268E+01 -0.1000000E+01
   123 -0.8776746E+01  0.4691268E+01  0.0000000E+00
   124 -0.8314696E+01  0.5555702E+01 -0.2000000E+01
   125 -0.8314696E+01  0.5555702E+01 -0.1000000E+01
   126 -0.8314696E+01  0.5555702E+01  0.0000000E+00
   127 -0.9807853E+01  0.1950903E+01 -0.2000000E+01
   128 -0.9807853E+01  0.1950903E+01 -0.1000000E+01
   129 -0.9807853E+01  0.1950903E+01  0.0000000E+00
   130 -0.9523324E+01  0.2888869E+01 -0.2000000E+01
   131 -0.9523324E+01  0.2888869E+01 -0.1000000E+01
   132 -0.9523324E+01  0.2888869E+01  0.0000000E+00
   133 -0.9238795E+01  0.3826834E+01 -0.2000000E+01
   134 -0.9238795E+01  0.3826834E+01 -0.1000000E+01
   135 -0.9238795E+01  0.3826834E+01  0.0000000E+00
   136 -0.1000000E+02  0.0000000E+00 -0.2000000E+01
   137 -0.1000000E+02  0.0000000E+00 -0.1000000E+01
   138 -0.1000000E+02  0.0000000E+00  0.0000000E+00
   139 -0.9903927E+01  0.9754515E+00 -0.2000000E+01
   140 -0.9903927E+01  0.9754515E+00 -0.1000000E+01
   141 -0.9903927E+01  0.9754515E+00  0.0000000E+00
   142 -0.9807853E+01  0.1950903E+01 -0.2000000E+01
   143 -0.9807853E+01  0.1950903E+01 -0.1000000E+01
   144 -0.9807853E+01  0.1950903E+01  0.0000000E+00
   145  0.4903926E+01  0.9754516E+00 -0.3000000E+01
   146  0.5884711E+01  0.1170542E+01 -0.2800000E+01
   147  0.6865497E+01  0.1365632E+01 -0.2600000E+01
   148  0.7846282E+01  0.1560722E+01 -0.2400000E+01
   149  0.8827067E+01  0.1755813E+01 -0.2200000E+01
   150  0.9807853E+01  0.1950903E+01 -0.2000000E+01
   151  0.5000000E+01  0.0000000E+00 -0.3000000E+01
   152  0.6000000E+01  0.0000000E+00 -0.2800000E+01
   153  0.7000000E+01  0.0000000E+00 -0.2600000E+01
   154  0.8000000E+01  0.0000000E+00 -0.2400000E+01
   155  0.9000000E+01  0.0000000E+00 -0.2200000E+01
   156  0.1000000E+02  0.0000000E+00 -0.2000000E+01
   157  0.4619398E+01  0.1913417E+01 -0.3000000E+01
   158  0.5543278E+01  0.2296100E+01 -0.2800000E+01
   159  0.6467157E+01  0.2678784E+01 -0.2600000E+01
   160  0.7391037E+01  0.3061467E+01 -0.2400000E+01
   161  0.8314916E+01  0.3444150E+01 -0.2200000E+01
   162  0.9238795E+01  0.3826834E+01 -0.2000000E+01
   163  0.4903926E+01  0.9754516E+00 -0.3000000E+01
   164  0.5884711E+01  0.1170542E+01 -0.2800000E+01
   165  0.6865497E+01  0.1365632E+01 -0.2600000E+01
   166  0.7846282E+01  0.1560722E+01 -0.2400000E+01
   167  0.8827067E+01  0.1755813E+01 -0.2200000E+01
   168  0.9807853E+01  0.1950903E+01 -0.2000000E+01
   169  0.4157348E+01  0.2777851E+01 -0.3000000E+01
   170  0.4988818E+01  0.3333421E+01 -0.2800000E+01
   171  0.5820288E+01  0.3888992E+01 -0.2600000E+01
   172  0.6651757E+01  0.4444562E+01 -0.2400000E+01
   173  0.7483227E+01  0.5000132E+01 -0.2200000E+01
   174  0.8314696E+01  0.5555702E+01 -0.2000000E+01
   175  0.4619398E+01  0.1913417E+01 -0.3000000E+01
   176  0.5543278E+01  0.2296100E+01 -0.2800000E+01
   177  0.6467157E+01  0.2678784E+01 -0.2600000E+01
   178  0.7391037E+01  0.3061467E+01 -0.2400000E+01
   179  0.8314916E+01  0.3444150E+01 -0.2200000E+01
   180  0.9238795E+01  0.3826834E+01 -0.2000000E+01
   181  0.3535534E+01  0.3535534E+01 -0.3000000E+01
   182  0.4242640E+01  0.4242640E+01 -0.2800000E+01
   183  0.4949748E+01  0.4949748E+01 -0.2600000E+01
   184  0.5656854E+01  0.5656854E+01 -0.2400000E+01
   185  0.6363961E+01  0.6363961E+01 -0.2200000E+01
   186  0.7071068E+01  0.7071068E+01 -0.2000000E+01
   187  0.4157348E+01  0.2777851E+01 -0.3000000E+01
   188  0.4988818E+01  0.3333421E+01 -0.2800000E+01
   189  0.5820288E+01  0.3888992E+01 -0.2600000E+01
   190  0.6651757E+01  0.4444562E+01 -0.2400000E+01
   191  0.7483227E+01  0.5000132E+01 -0.2200000E+01
   192  0.8314696E+01  0.5555702E+01 -0.2000000E+01
   193  0.2777851E+01  0.4157348E+01 -0.3000000E+01
   194  0.3333421E+01  0.4988818E+01 -0.2800000E+01
   195  0.3888992E+01  0.5820288E+01 -0.2600000E+01
   196  0.4444562E+01  0.6651757E+01 -0.2400000E+01
   197  0.5000132E+01  0.7483227E+01 -0.2200000E+01
   198  0.5555702E+01  0.8314696E+01 -0.2000000E+01
   199  0.3535534E+01  0.3535534E+01 -0.3000000E+01
   200  0.4242640E+01  0.4242640E+01 -0.2800000E+01
   201  0.4949748E+01  0.4949748E+01 -0.2600000E+01
   202  0.5656854E+01  0.5656854E+01 -0.2400000E+01
   203  0.6363961E+01  0.6363961E+01 -0.2200000E+01
   204  0.7071068E+01  0.7071068E+01 -0.2000000E+01
   205  0.1913417E+01  0.4619398E+01 -0.3000000E+01
   206  0.2296100E+01  0.5543278E+01 -0.2800000E+01
   207  0.2678784E+01  0.6467157E+01 -0.2600000E+01
   208  0.3061467E+01  0.7391037E+01 -0.2400000E+01
   209  0.3444150E+01  0.8314916E+01 -0.2200000E+01
   210  0.3826834E+01  0.9238795E+01 -0.2000000E+01
   211  0.2777851E+01  0.4157348E+01 -0.3000000E+01
   212  0.3333421E+01  0.4988818E+01 -0.2800000E+01
   213  0.3888992E+01  0.5820288E+01 -0.2600000E+01
   214  0.4444562E+01  0.6651757E+01 -0.2400000E+01
   215  0.5000132E+01  0.7483227E+01 -0.2200000E+01
   216  0.5555702E+01  0.8314696E+01 -0.2000000E+01
   217  0.9754516E+00  0.4903926E+01 -0.3000000E+01
   218  0.1170542E+01  0.5884711E+01 -0.2800000E+01
   219  0.1365632E+01  0.6865497E+01 -0.2600000E+01
   220  0.1560722E+01  0.7846282E+01 -0.2400000E+01
   221  0.1755813E+01  0.8827067E+01 -0.2200000E+01
   222  0.1950903E+01  0.9807853E+01 -0.2000000E+01
   223  0.1913417E+01  0.4619398E+01 -0.3000000E+01
   224  0.2296100E+01  0.5543278E+01 -0.2800000E+01
   225  0.2678784E+01  0.6467157E+01 -0.2600000E+01
   226  0.3061467E+01  0.7391037E+01 -0.2400000E+01
   227  0.3444150E+01  0.8314916E+01 -0.2200000E+01
   228  0.3826834E+01  0.9238795E+01 -0.2000000E+01
   229  0.0000000E+00  0.5000000E+01 -0.3000000E+01
   230  0.0000000E+00  0.6000000E+01 -0.2800000E+01
   231  0.0000000E+00  0.7000000E+01 -0.2600000E+01
   232  0.0000000E+00  0.8000000E+01 -0.2400000E+01
   233  0.0000000E+00  0.9000000E+01 -0.2200000E+01
   234  0.0000000E+00  0.1000000E+02 -0.2000000E+01
   235  0.9754516E+00  0.4903926E+01 -0.3000000E+01
   236  0.1170542E+01  0.5884711E+01 -0.2800000E+01
   237  0.1365632E+01  0.6865497E+01 -0.2600000E+01
   238  0.1560722E+01  0.7846282E+01 -0.2400000E+01
   239  0.1755813E+01  0.8827067E+01 -0.2200000E+01
   240  0.1950903E+01  0.9807853E+01 -0.2000000E+01
   241 -0.9754516E+00  0.4903926E+01 -0.3000000E+01
   242 -0.1170542E+01  0.5884711E+01 -0.2800000E+01
   243 -0.1365632E+01  0.6865497E+01 -0.2600000E+01
   244 -0.1560722E+01  0.7846282E+01 -0.2400000E+01
   245 -0.1755813E+01  0.8827067E+01 -0.2200000E+01
   246 -0.1950903E+01  0.9807853E+01 -0.2000000E+01
   247  0.0000000E+00  0.5000000E+01 -0.3000000E+01
   248  0.0000000E+00  0.6000000E+01 -0.2800000E+01
   249  0.0000000E+00  0.7000000E+01 -0.2600000E+01
   250  0.0000000E+00  0.8000000E+01 -0.2400000E+01
   251  0.0000000E+00  0.9000000E+01 -0.2200000E+01
   252  0.0000000E+00  0.1000000E+02 -0.2000000E+01
   253 -0.1913417E+01  0.4619398E+01 -0.3000000E+01
   254 -0.2296100E+01  0.5543278E+01 -0.2800000E+01
   255 -0.2678784E+01  0.6467157E+01 -0.2600000E+01
   256 -0.3061467E+01  0.7391037E+01 -0.2400000E+01
   257 -0.3444150E+01  0.8314916E+01 -0.2200000E+01
   258 -0.3826834E+01  0.9238795E+01 -0.2000000E+01
   259 -0.9754516E+00  0.4903926E+01 -0.3000000E+01
   260 -0.1170542E+01  0.5884711E+01 -0.2800000E+01
   261 -0.1365632E+01  0.6865497E+01 -0.2600000E+01
   262 -0.1560722E+01  0.7846282E+01 -0.2400000E+01
   263 -0.1755813E+01  0.8827067E+01 -0.2200000E+01
   264 -0.1950903E+01  0.9807853E+01 -0.2000000E+01
   265 -0.2777851E+01  0.4157348E+01 -0.3000000E+01
   266 -0.3333421E+01  0.4988818E+01 -0.2800000E+01
   267 -0.3888992E+01  0.5820288E+01 -0.2600000E+01
   268 -0.4444562E+01  0.6651757E+01 -0.2400000E+01
   269 -0.5000132E+01  0.7483227E+01 -0.2200000E+01
   270 -0.5555702E+01  0.8314696E+01 -0.2000000E+01
   271 -0.1913417E+01  0.4619398E+01 -0.3000000E+01
   272 -0.2296100E+01  0.5543278E+01 -0.2800000E+01
   273 -0.2678784E+01  0.6467157E+01 -0.2600000E+01
   274 -0.3061467E+01  0.7391037E+01 -0.2400000E+01
   275 -0.3444150E+01  0.8314916E+01 -0.2200000E+01
   276 -0.3826834E+01  0.9238795E+01 -0.2000000E+01
   277 -0.3535534E+01  0.3535534E+01 -0.3000000E+01
   278 -0.4242640E+01  0.4242640E+01 -0.2800000E+01
   279 -0.4949748E+01  0.4949748E+01 -0.2600000E+01
   280 -0.5656854E+01  0.5656854E+01 -0.2400000E+01
   281 -0.6363961E+01  0.6363961E+01 -0.2200000E+01
   282 -0.7071068E+01  0.7071068E+01 -0.2000000E+01
   283 -0.2777851E+01  0.4157348E+01 -0.3000000E+01
   284 -0.3333421E+01  0.4988818E+01 -0.2800000E+01
   285 -0.3888992E+01  0.5820288E+01 -0.2600000E+01
   286 -0.4444562E+01  0.6651757E+01 -0.2400000E+01
   287 -0.5000132E+01  0.7483227E+01 -0.2200000E+01
   288 -0.5555702E+01  0.8314696E+01 -0.2000000E+01
   289 -0.4157348E+01  0.2777851E+01 -0.3000000E+01
   290 -0.4988818E+01  0.3333421E+01 -0.2800000E+01
   291 -0.5820288E+01  0.3888992E+01 -0.2600000E+01
   292 -0.6651757E+01  0.4444562E+01 -0.2400000E+01
   293 -0.7483227E+01  0.5000132E+01 -0.2200000E+01
   294 -0.8314696E+01  0.5555702E+01 -0.2000000E+01
   295 -0.3535534E+01  0.3535534E+01 -0.3000000E+01
   296 -0.4242640E+01  0.4242640E+01 -0.2800000E+01
   297 -0.4949748E+01  0.4949748E+01 -0.2600000E+01
   298 -0.5656854E+01  0.5656854E+01 -0.2400000E+01
   299 -0.6363961E+01  0.6363961E+01 -0.2200000E+01
   300 -0.7071068E+01  0.7071068E+01 -0.2000000E+01
   301 -0.4619398E+01  0.1913417E+01 -0.3000000E+01
   302 -0.5543278E+01  0.2296100E+01 -0.2800000E+01
   303 -0.6467157E+01  0.2678784E+01 -0.2600000E+01
   304 -0.7391037E+01  0.3061467E+01 -0.2400000E+01
   305 -0.8314916E+01  0.3444150E+01 -0.2200000E+01
   306 -0.9238795E+01  0.3826834E+01 -0.2000000E+01
   307 -0.4157348E+01  0.2777851E+01 -0.3000000E+01
   308 -0.4988818E+01  0.3333421E+01 -0.2800000E+01
   309 -0.5820288E+01  0.3888992E+01 -0.2600000E+01
   310 -0.6651757E+01  0.4444562E+01 -0.2400000E+01
   311 -0.7483227E+01  0.5000132E+01 -0.2200000E+01
   312 -0.8314696E+01  0.5555702E+01 -0.2000000E+01
   313 -0.4903926E+01  0.9754516E+00 -0.3000000E+01
   314 -0.5884711E+01  0.1170542E+01 -0.2800000E+01
   315 -0.6865497E+01  0.1365632E+01 -0.2600000E+01
   316 -0.7846282E+01  0.1560722E+01 -0.2400000E+01
   317 -0.8827067E+01  0.1755813E+01 -0.2200000E+01
   318 -0.9807853E+01  0.1950903E+01 -0.2000000E+01
   319 -0.4619398E+01  0.1913417E+01 -0.3000000E+01
   320 -0.5543278E+01  0.2296100E+01 -0.2800000E+01
   321 -0.6467157E+01  0.2678784E+01 -0.2600000E+01
   322 -0.7391037E+01  0.3061467E+01 -0.2400000E+01
   323 -0.8314916E+01  0.3444150E+01 -0.2200000E+01
   324 -0.9238795E+01  0.3826834E+01 -0.2000000E+01
   325 -0.5000000E+01  0.0000000E+00 -0.3000000E+01
   326 -0.6000000E+01  0.0000000E+00 -0.2800000E+01
   327 -0.7000000E+01  0.0000000E+00 -0.2600000E+01
   328 -0.8000000E+01  0.0000000E+00 -0.2400000E+01
   329 -0.9000000E+01  0.0000000E+00 -0.2200000E+01
   330 -0.1000000E+02  0.0000000E+00 -0.2000000E+01
   331 -0.4903926E+01  0.9754516E+00 -0.3000000E+01
   332 -0.5884711E+01  0.1170542E+01 -0.2800000E+01
   333 -0.6865497E+01  0.1365632E+01 -0.2600000E+01
   334 -0.7846282E+01  0.1560722E+01 -0.2400000E+01
   335 -0.8827067E+01  0.1755813E+01 -0.2200000E+01
   336 -0.9807853E+01  0.1950903E+01 -0.2000000E+01
   337  0.3000000E+01  0.0000000E+00 -0.3000000E+01
   338  0.2942356E+01  0.5852710E+00 -0.3000000E+01
   339  0.4000000E+01  0.0000000E+00 -0.3000000E+01
   340  0.3923141E+01  0.7803613E+00 -0.3000000E+01
   341  0.5000000E+01  0.0000000E+00 -0.3000000E+01
   342  0.4903926E+01  0.9754516E+00 -0.3000000E+01
   343  0.2942356E+01  0.5852710E+00 -0.3000000E+01
   344  0.2771639E+01  0.1148050E+01 -0.3000000E+01
   345  0.3923141E+01  0.7803613E+00 -0.3000000E+01
   346  0.3695518E+01  0.1530733E+01 -0.3000000E+01
   347  0.4903926E+01  0.9754516E+00 -0.3000000E+01
   348  0.4619398E+01  0.1913417E+01 -0.3000000E+01
   349  0.2771639E+01  0.1148050E+01 -0.3000000E+01
   350  0.2494409E+01  0.1666711E+01 -0.3000000E+01
   351  0.3695518E+01  0.1530733E+01 -0.3000000E+01
   352  0.3325879E+01  0.2222281E+01 -0.3000000E+01
   353  0.4619398E+01  0.1913417E+01 -0.3000000E+01
   354  0.4157348E+01  0.2777851E+01 -0.3000000E+01
   355  0.2494409E+01  0.1666711E+01 -0.3000000E+01
   356  0.2121320E+01  0.2121320E+01 -0.3000000E+01
   357  0.3325879E+01  0.2222281E+01 -0.3000000E+01
   358  0.2828427E+01  0.2828427E+01 -0.3000000E+01
   359  0.4157348E+01  0.2777851E+01 -0.3000000E+01
   360  0.3535534E+01  0.3535534E+01 -0.3000000E+01
   361  0.2121320E+01  0.2121320E+01 -0.3000000E+01
   362  0.1666711E+01  0.2494409E+01 -0.3000000E+01
   363  0.2828427E+01  0.2828427E+01 -0.3000000E+01
   364  0.2222281E+01  0.3325879E+01 -0.3000000E+01
   365  0.3535534E+01  0.3535534E+01 -0.3000000E+01
   366  0.2777851E+01  0.4157348E+01 -0.3000000E+01
   367  0.1666711E+01  0.2494409E+01 -0.3000000E+01
   368  0.1148050E+01  0.2771639E+01 -0.3000000E+01
   369  0.2222281E+01  0.3325879E+01 -0.3000000E+01
   370  0.1530733E+01  0.3695518E+01 -0.3000000E+01
   371  0.2777851E+01  0.4157348E+01 -0.3000000E+01
   372  0.1913417E+01  0.4619398E+01 -0.3000000E+01
   373  0.1148050E+01  0.2771639E+01 -0.3000000E+01
   374  0.5852710E+00  0.2942356E+01 -0.3000000E+01
   375  0.1530733E+01  0.3695518E+01 -0.3000000E+01
   376  0.7803613E+00  0.3923141E+01 -0.3000000E+01
   377  0.1913417E+01  0.4619398E+01 -0.3000000E+01
   378  0.9754516E+00  0.4903926E+01 -0.3000000E+01
   379  0.5852710E+00  0.2942356E+01 -0.3000000E+01
   380  0.0000000E+00  0.3000000E+01 -0.3000000E+01
   381  0.7803613E+00  0.3923141E+01 -0.3000000E+01
   382  0.0000000E+00  0.4000000E+01 -0.3000000E+01
   383  0.9754516E+00  0.4903926E+01 -0.3000000E+01
   384  0.0000000E+00  0.5000000E+01 -0.3000000E+01
   385  0.0000000E+00  0.3000000E+01 -0.3000000E+01
   386 -0.5852710E+00  0.2942356E+01 -0.3000000E+01
   387  0.0000000E+00  0.4000000E+01 -0.3000000E+01
   388 -0.7803613E+00  0.3923141E+01 -0.3000000E+01
   389  0.0000000E+00  0.5000000E+01 -0.3000000E+01
   390 -0.9754516E+00  0.4903926E+01 -0.3000000E+01
   391 -0.5852710E+00  0.2942356E+01 -0.3000000E+01
   392 -0.1148050E+01  0.2771639E+01 -0.3000000E+01
   393 -0.7803613E+00  0.3923141E+01 -0.3000000E+01
   394 -0.1530733E+01  0.3695518E+01 -0.3000000E+01
   395 -0.9754516E+00  0.4903926E+01 -0.3000000E+01
   396 -0.1913417E+01  0.4619398E+01 -0.3000000E+01
   397 -0.1148050E+01  0.2771639E+01 -0.3000000E+01
   398 -0.1666711E+01  0.2494409E+01 -0.3000000E+01
   399 -0.1530733E+01  0.3695518E+01 -0.3000000E+01
   400 -0.2222281E+01  0.3325879E+01 -0.3000000E+01
   401 -0.1913417E+01  0.4619398E+01 -0.3000000E+01
   402 -0.2777851E+01  0.4157348E+01 -0.3000000E+01
   403 -0.1666711E+01  0.2494409E+01 -0.3000000E+01
   404 -0.2121320E+01  0.2121320E+01 -0.3000000E+01
   405 -0.2222281E+01  0.3325879E+01 -0.3000000E+01
   406 -0.2828427E+01  0.2828427E+01 -0.3000000E+01
   407 -0.2777851E+01  0.4157348E+01 -0.3000000E+01
   408 -0.3535534E+01  0.3535534E+01 -0.3000000E+01
   409 -0.2121320E+01  0.2121320E+01 -0.3000000E+01
   410 -0.2494409E+01  0.1666711E+01 -0.3000000E+01
   411 -0.2828427E+01  0.2828427E+01 -0.3000000E+01
   412 -0.3325879E+01  0.2222281E+01 -0.3000000E+01
   413 -0.3535534E+01  0.3535534E+01 -0.3000000E+01
   414 -0.4157348E+01  0.2777851E+01 -0.3000000E+01
   415 -0.2494409E+01  0.1666711E+01 -0.3000000E+01
   416 -0.2771639E+01  0.1148050E+01 -0.3000000E+01
   417 -0.3325879E+01  0.2222281E+01 -0.3000000E+01
   418 -0.3695518E+01  0.1530733E+01 -0.3000000E+01
   419 -0.4157348E+01  0.2777851E+01 -0.3000000E+01
   420 -0.4619398E+01  0.1913417E+01 -0.3000000E+01
   421 -0.2771639E+01  0.1148050E+01 -0.3000000E+01
   422 -0.2942356E+01  0.5852710E+00 -0.3000000E+01
   423 -0.3695518E+01  0.1530733E+01 -0.3000000E+01
   424 -0.3923141E+01  0.7803613E+00 -0.3000000E+01
   425 -0.4619398E+01  0.1913417E+01 -0.3000000E+01
   426 -0.4903926E+01  0.9754516E+00 -0.3000000E+01
   427 -0.2942356E+01  0.5852710E+00 -0.3000000E+01
   428 -0.3000000E+01  0.0000000E+00 -0.3000000E+01
   429 -0.3923141E+01  0.7803613E+00 -0.3000000E+01
   430 -0.4000000E+01  0.0000000E+00 -0.3000000E+01
   431 -0.4903926E+01  0.9754516E+00 -0.3000000E+01
   432 -0.5000000E+01  0.0000000E+00 -0.3000000E+01
   433  0.3000000E+01  0.0000000E+00  0.0000000E+00
   434  0.2942356E+01  0.5852710E+00  0.0000000E+00
   435  0.3000000E+01  0.0000000E+00 -0.1000000E+01
   436  0.2942356E+01  0.5852710E+00 -0.1000000E+01
   437  0.3000000E+01  0.0000000E+00 -0.2000000E+01
   438  0.2942356E+01  0.5852710E+00 -0.2000000E+01
   439  0.3000000E+01  0.0000000E+00 -0.3000000E+01
   440  0.2942356E+01  0.5852710E+00 -0.3000000E+01
   441  0.2942356E+01  0.5852710E+00  0.0000000E+00
   442  0.2771639E+01  0.1148050E+01  0.0000000E+00
   443  0.2942356E+01  0.5852710E+00 -0.1000000E+01
   444  0.2771639E+01  0.1148050E+01 -0.1000000E+01
   445  0.2942356E+01  0.5852710E+00 -0.2000000E+01
   446  0.2771639E+01  0.1148050E+01 -0.2000000E+01
   447  0.2942356E+01  0.5852710E+00 -0.3000000E+01
   448  0.2771639E+01  0.1148050E+01 -0.3000000E+01
   449  0.2771639E+01  0.1148050E+01  0.0000000E+00
   450  0.2494409E+01  0.1666711E+01  0.0000000E+00
   451  0.2771639E+01  0.1148050E+01 -0.1000000E+01
   452  0.2494409E+01  0.1666711E+01 -0.1000000E+01
   453  0.2771639E+01  0.1148050E+01 -0.2000000E+01
   454  0.2494409E+01  0.1666711E+01 -0.2000000E+01
   455  0.2771639E+01  0.1148050E+01 -0.3000000E+01
   456  0.2494409E+01  0.1666711E+01 -0.3000000E+01
   457  0.2494409E+01  0.1666711E+01  0.0000000E+00
   458  0.2121320E+01  0.2121320E+01  0.0000000E+00
   459  0.2494409E+01  0.1666711E+01 -0.1000000E+01
   460  0.2121320E+01  0.2121320E+01 -0.1000000E+01
   461  0.2494409E+01  0.1666711E+01 -0.2000000E+01
   462  0.2121320E+01  0.2121320E+01 -0.2000000E+01
   463  0.2494409E+01  0.1666711E+01 -0.3000000E+01
   464  0.2121320E+01  0.2121320E+01 -0.3000000E+01
   465  0.2121320E+01  0.2121320E+01  0.0000000E+00
   466  0.1666711E+01  0.2494409E+01  0.0000000E+00
   467  0.2121320E+01  0.2121320E+01 -0.1000000E+01
   468  0.1666711E+01  0.2494409E+01 -0.1000000E+01
   469  0.2121320E+01  0.2121320E+01 -0.2000000E+01
   470  0.1666711E+01  0.2494409E+01 -0.2000000E+01
   471  0.2121320E+01  0.2121320E+01 -0.3000000E+01
   472  0.1666711E+01  0.2494409E+01 -0.3000000E+01
   473  0.1666711E+01  0.2494409E+01  0.0000000E+00
   474  0.1148050E+01  0.2771639E+01  0.0000000E+00
   475  0.1666711E+01  0.2494409E+01 -0.1000000E+01
   476  0.1148050E+01  0.2771639E+01 -0.1000000E+01
   477  0.1666711E+01  0.2494409E+01 -0.2000000E+01
   478  0.1148050E+01  0.2771639E+01 -0.2000000E+01
   479  0.1666711E+01  0.2494409E+01 -0.3000000E+01
   480  0.1148050E+01  0.2771639E+01 -0.3000000E+01
   481  0.1148050E+01  0.2771639E+01  0.0000000E+00
   482  0.5852710E+00  0.2942356E+01  0.0000000E+00
   483  0.1148050E+01  0.2771639E+01 -0.1000000E+01
   484  0.5852710E+00  0.2942356E+01 -0.1000000E+01
   485  0.1148050E+01  0.2771639E+01 -0.2000000E+01
   486  0.5852710E+00  0.2942356E+01 -0.2000000E+01
   487  0.1148050E+01  0.2771639E+01 -0.3000000E+01
   488  0.5852710E+00  0.2942356E+01 -0.3000000E+01
   489  0.5852710E+00  0.2942356E+01  0.0000000E+00
   490  0.0000000E+00  0.3000000E+01  0.0000000E+00
   491  0.5852710E+00  0.2942356E+01 -0.1000000E+01
   492  0.0000000E+00  0.3000000E+01 -0.1000000E+01
   493  0.5852710E+00  0.2942356E+01 -0.2000000E+01
   494  0.0000000E+00  0.3000000E+01 -0.2000000E+01
   495  0.5852710E+00  0.2942356E+01 -0.3000000E+01
   496  0.0000000E+00  0.3000000E+01 -0.3000000E+01
   497  0.0000000E+00  0.3000000E+01  0.0000000E+00
   498 -0.5852710E+00  0.2942356E+01  0.0000000E+00
   499  0.0000000E+00  0.3000000E+01 -0.1000000E+01
   500 -0.5852710E+00  0.2942356E+01 -0.1000000E+01
   501  0.0000000E+00  0.3000000E+01 -0.2000000E+01
   502 -0.5852710E+00  0.2942356E+01 -0.2000000E+01
   503  0.0000000E+00  0.3000000E+01 -0.3000000E+01
   504 -0.5852710E+00  0.2942356E+01 -0.3000000E+01
   505 -0.5852710E+00  0.2942356E+01  0.0000000E+00
   506 -0.1148050E+01  0.2771639E+01  0.0000000E+00
   507 -0.5852710E+00  0.2942356E+01 -0.1000000E+01
   508 -0.1148050E+01  0.2771639E+01 -0.1000000E+01
   509 -0.5852710E+00  0.2942356E+01 -0.2000000E+01
   510 -0.1148050E+01  0.2771639E+01 -0.2000000E+01
   511 -0.5852710E+00  0.2942356E+01 -0.3000000E+01
   512 -0.1148050E+01  0.2771639E+01 -0.3000000E+01
   513 -0.1148050E+01  0.2771639E+01  0.0000000E+00
   514 -0.1666711E+01  0.2494409E+01  0.0000000E+00
   515 -0.1148050E+01  0.2771639E+01 -0.1000000E+01
   516 -0.1666711E+01  0.2494409E+01 -0.1000000E+01
   517 -0.1148050E+01  0.2771639E+01 -0.2000000E+01
   518 -0.1666711E+01  0.2494409E+01 -0.2000000E+01
   519 -0.1148050E+01  0.2771639E+01 -0.3000000E+01
   520 -0.1666711E+01  0.2494409E+01 -0.3000000E+01
   521 -0.1666711E+01  0.2494409E+01  0.0000000E+00
   522 -0.2121320E+01  0.2121320E+01  0.0000000E+00
   523 -0.1666711E+01  0.2494409E+01 -0.1000000E+01
   524 -0.2121320E+01  0.2121320E+01 -0.1000000E+01
   525 -0.1666711E+01  0.2494409E+01 -0.2000000E+01
   526 -0.2121320E+01  0.2121320E+01 -0.2000000E+01
   527 -0.1666711E+01  0.2494409E+01 -0.3000000E+01
   528 -0.2121320E+01  0.2121320E+01 -0.3000000E+01
   529 -0.2121320E+01  0.2121320E+01  0.0000000E+00
   530 -0.2494409E+01  0.1666711E+01  0.0000000E+00
   531 -0.2121320E+01  0.2121320E+01 -0.1000000E+01
   532 -0.2494409E+01  0.1666711E+01 -0.1000000E+01
   533 -0.2121320E+01  0.2121320E+01 -0.2000000E+01
   534 -0.2494409E+01  0.1666711E+01 -0.2000000E+01
   535 -0.2121320E+01  0.2121320E+01 -0.3000000E+01
   536 -0.2494409E+01  0.1666711E+01 -0.3000000E+01
   537 -0.2494409E+01  0.1666711E+01  0.0000000E+00
   538 -0.2771639E+01  0.1148050E+01  0.0000000E+00
   539 -0.2494409E+01  0.1666711E+01 -0.1000000E+01
   540 -0.2771639E+01  0.1148050E+01 -0.1000000E+01
   541 -0.2494409E+01  0.1666711E+01 -0.2000000E+01
   542 -0.2771639E+01  0.1148050E+01 -0.2000000E+01
   543 -0.2494409E+01  0.1666711E+01 -0.3000000E+01
   544 -0.2771639E+01  0.1148050E+01 -0.3000000E+01
   545 -0.2771639E+01  0.1148050E+01  0.0000000E+00
   546 -0.2942356E+01  0.5852710E+00  0.0000000E+00
   547 -0.2771639E+01  0.1148050E+01 -0.1000000E+01
   548 -0.2942356E+01  0.5852710E+00 -0.1000000E+01
   549 -0.2771639E+01  0.1148050E+01 -0.2000000E+01
   550 -0.2942356E+01  0.5852710E+00 -0.2000000E+01
   551 -0.2771639E+01  0.1148050E+01 -0.3000000E+01
   552 -0.2942356E+01  0.5852710E+00 -0.3000000E+01
   553 -0.2942356E+01  0.5852710E+00  0.0000000E+00
   554 -0.3000000E+01  0.0000000E+00  0.0000000E+00
   555 -0.2942356E+01  0.5852710E+00 -0.1000000E+01
   556 -0.3000000E+01  0.0000000E+00 -0.1000000E+01
   557 -0.2942356E+01  0.5852710E+00 -0.2000000E+01
   558 -0.3000000E+01  0.0000000E+00 -0.2000000E+01
   559 -0.2942356E+01  0.5852710E+00 -0.3000000E+01
   560 -0.3000000E+01  0.0000000E+00 -0.3000000E+01
     0  0.0000000E+00  0.0000000E+00  0.0000000E+00
      1      2      5      4
      2      3      6      5
      4      5      8      7
      5      6      9      8
     10     11     14     13
     11     12     15     14
     13     14     17     16
     14     15     18     17
     19     20     23     22
     20     21     24     23
     22     23     26     25
     23     24     27     26
     28     29     32     31
     29     30     33     32
     31     32     35     34
     32     33     36     35
     37     38     41     40
     38     39     42     41
     40     41     44     43
     41     42     45     44
     46     47     50     49
     47     48     51     50
     49     50     53     52
     50     51     54     53
     55     56     59     58
     56     57     60     59
     58     59     62     61
     59     60     63     62
     64     65     68     67
     65     66     69     68
     67     68     71     70
     68     69     72     71
     73     74     77     76
     74     75     78     77
     76     77     80     79
     77     78     81     80
     82     83     86     85
     83     84     87     86
     85     86     89     88
     86     87     90     89
     91     92     95     94
     92     93     96     95
     94     95     98     97
     95     96     99     98
    100    101    104    103
    101    102    105    104
    103    104    107    106
    104    105    108    107
    109    110    113    112
    110    111    114    113
    112    113    116    115
    113    114    117    116
    118    119    122    121
    119    120    123    122
    121    122    125    124
    122    123    126    125
    127    128    131    130
    128    129    132    131
    130    131    134    133
    131    132    135    134
    136    137    140    139
    137    138    141    140
    139    140    143    142
    140    141    144    143
    145    146    152    151
    146    147    153    152
    147    148    154    153
    148    149    155    154
    149    150    156    155
    157    158    164    163
    158    159    165    164
    159    160    166    165
    160    161    167    166
    161    162    168    167
    169    170    176    175
    170    171    177    176
    171    172    178    177
    172    173    179    178
    173    174    180    179
    181    182    188    187
    182    183    189    188
    183    184    190    189
    184    185    191    190
    185    186    192    191
    193    194    200    199
    194    195    201    200
    195    196    202    201
    196    197    203    202
    197    198    204    203
    205    206    212    211
    206    207    213    212
    207    208    214    213
    208    209    215    214
    209    210    216    215
    217    218    224    223
    218    219    225    224
    219    220    226    225
    220    221    227    226
    221    222    228    227
    229    230    236    235
    230    231    237    236
    231    232    238    237
    232    233    239    238
    233    234    240    239
    241    242    248    247
    242    243    249    248
    243    244    250    249
    244    245    251    250
    245    246    252    251
    253    254    260    259
    254    255    261    260
    255    256    262    261
    256    257    263    262
    257    258    264    263
    265    266    272    271
    266    267    273    272
    267    268    274    273
    268    269    275    274
    269    270    276    275
    277    278    284    283
    278    279    285    284
    279    280    286    285
    280    281    287    286
    281    282    288    287
    289    290    296    295
    290    291    297    296
    291    292    298    297
    292    293    299    298
    293    294    300    299
    301    302    308    307
    302    303    309    308
    303    304    310    309
    304    305    311    310
    305    306    312    311
    313    314    320    319
    314    315    321    320
    315    316    322    321
    316    317    323    322
    317    318    324    323
    325    326    332    331
    326    327    333    332
    327    328    334    333
    328    329    335    334
    329    330    336    335
    337    338    340    339
    339    340    342    341
    343    344    346    345
    345    346    348    347
    349    350    352    351
    351    352    354    353
    355    356    358    357
    357    358    360    359
    361    362    364    363
    363    364    366    365
    367    368    370    369
    369    370    372    371
    373    374    376    375
    375    376    378    377
    379    380    382    381
    381    382    384    383
    385    386    388    387
    387    388    390    389
    391    392    394    393
    393    394    396    395
    397    398    400    399
    399    400    402    401
    403    404    406    405
    405    406    408    407
    409    410    412    411
    411    412    414    413
    415    416    418    417
    417    418    420    419
    421    422    424    423
    423    424    426    425
    427    428    430    429
    429    430    432    431
    433    434    436    435
    435    436    438    437
    437    438    440    439
    441    442    444    443
    443    444    446    445
    445    446    448    447
    449    450    452    451
    451    452    454    453
    453    454    456    455
    457    458    460    459
    459    460    462    461
    461    462    464    463
    465    466    468    467
    467    468    470    469
    469    470    472    471
    473    474    476    475
    475    476    478    477
    477    478    480    479
    481    482    484    483
    483    484    486    485
    485    486    488    487
    489    490    492    491
    491    492    494    493
    493    494    496    495
    497    498    500    499
    499    500    502    501
    501    502    504    503
    505    506    508    507
    507    508    510    509
    509    510    512    511
    513    514    516    515
    515    516    518    517
    517    518    520    519
    521    522    524    523
    523    524    526    525
    525    526    528    527
    529    530    532    531
    531    532    534    533
    533    534    536    535
    537    538    540    539
    539    540    542    541
    541    542    544    543
    545    546    548    547
    547    548    550    549
    549    550    552    551
    553    554    556    555
    555    556    558    557
    557    558    560    559
      0      0      0      0
